195
264
292
539
541
675
715
716
719
744
745
750
751
753
754
756
826
827
884
885
887
909
910
913
914
915
916
981
983
1030
1451
1631
1669
2050
2058
2060
2406
2962
2966
3129
3274
3467
3662
3663
3664
3771
3970
3996
4417
4860
5067
5115
5271
5512
5569
5696
5851
6993
7269
7412
7589
7764
7854
7926
7940
8036
8118
8160
8207
8272
8276
8279
8300
8310
8314
8441
8442
8466
8480
8545
8616
8618
8619
8622
8624
8636
8640
8643
8722
8740
8783
8784
8792
8801
8806
8816
8818
8821
8915
8918
8932
8941
9084
9286
9514
9515
9524
9652
9653
9654
9655
9656
9657
9672
9675
9676
9774
9775
9776
9777
9778
9779
9780
9781
9782
9806
9920
9921
9922
9923
9926
9945
10066
10067
10069
10070
10071
10072
10089
10222
10224
10225
10354
10355
10356
10357
10358
10359
10360
10368
12074
12076
12097
12242
12245
12252
12376
12377
12510
12515
12611
12631
12714
12742
12813
12960
13136
13197
13201
13202
13203
13204
13373
13433
13434
13435
13438
13766
13861
13909
13910
13943
14128
14146
14186
14343
14346
14347
14450
14451
14543
14563
14572
14646
14704
14709
14815
14825
14875
14876
15022
15078
15152
15157
15225
15226
15331
15458
15459
15745
15746
15747
15825
15887
15889
15991
16136
16178
16210
16347
16350
16898
16900
16907
16916
17162
17177
17429
17439
17462
17759
17760
17763
17790
17838
17889
17986
17991
17994
18033
18040
18054
18064
18067
18068
18102
18114
18116
18219
18224
18228
18229
18283
18335
18363
18500
18595
18599
18647
18880
19050
19052
19251
19399
19522
19528
19668
19697
19828
19878
19913
20035
20037
20115
20363
20373
20536
20584
20718
20722
20808
20835
21014
21163
21189
21190
21353
21373
21574
21750
21820
21991
22131
22153
22155
22156
22489
22524
22527
22560
22674
22710
22711
22716
22813
22930
23188
23286
23302
23315
23316
23431
23654
23730
23757
23761
23763
23764
23944
24158
24348
24366
24406
24536
24537
24776
24777
24779
24781
24817
24818
24820
24822
24827
24851
24936
24937
24939
24941
24942
24944
24981
24982
24983
24984
24986
24987
25009
25098
25099
25125
25343
25719
25753
26278
26534
26852
26853
26855
26856
26857
26858
26860
26862
27014
27039
27040
27044
27168
27190
27193
27196
27199
27217
27241
27369
27370
27374
27376
27377
27379
27387
27566
27567
27569
27570
27572
27573
27574
27741
27742
27743
27745
27746
27747
27750
27751
27938
27941
27942
27943
28039
28045
28067
28124
28251
28256
28264
28267
28429
28434
28440
28590
28598
28604
28647
28649
28857
28873
28956
28960
28962
28987
