10
19
47
104
106
118
148
161
195
211
212
253
258
264
279
282
288
289
292
299
302
308
345
391
396
397
399
402
429
430
435
508
510
539
541
550
551
558
567
576
581
650
660
663
667
670
674
675
686
688
697
704
706
715
716
719
744
745
750
755
818
820
821
826
827
828
838
884
885
887
909
914
916
924
953
969
971
975
981
983
995
1030
1045
1046
1075
1090
1258
1259
1412
1451
1604
1629
1631
1634
1669
1801
1998
2025
2050
2058
2059
2060
2061
2202
2385
2406
2450
2754
2756
2900
2905
2906
2941
2962
2963
2964
2966
3022
3075
3078
3079
3126
3127
3128
3131
3133
3175
3236
3273
3274
3276
3399
3466
3467
3468
3469
3520
3645
3661
3662
3663
3664
3696
3712
3736
3739
3740
3770
3771
3970
3971
4171
4188
4361
4391
4416
4659
4774
4855
4859
5027
5072
5112
5115
5128
5405
5512
5522
5701
5704
5718
5851
5953
6028
6075
6082
6084
6087
6116
6222
6244
6258
6260
6263
6392
6493
6498
6522
6720
6722
6741
6742
6751
6849
6907
6923
6926
6934
6950
6991
7073
7098
7105
7150
7220
7224
7246
7254
7267
7269
7304
7307
7349
7362
7365
7389
7412
7564
7589
7749
7764
7854
7926
7940
8036
8118
8160
8207
8209
8211
8228
8270
8271
8272
8276
8277
8279
8281
8285
8286
8287
8290
8294
8296
8297
8299
8303
8307
8310
8311
8313
8315
8384
8441
8442
8447
8449
8451
8452
8456
8458
8459
8465
8466
8469
8470
8472
8479
8480
8545
8547
8549
8551
8600
8601
8604
8607
8613
8616
8618
8619
8620
8624
8628
8630
8631
8632
8633
8636
8637
8638
8639
8640
8643
8703
8715
8722
8729
8730
8736
8740
8783
8784
8792
8796
8800
8801
8804
8806
8807
8808
8809
8810
8812
8814
8815
8816
8821
8876
8911
8916
8919
8920
8923
8924
8925
8929
8931
8935
8936
8943
8946
9001
9005
9007
9008
9142
9270
9274
9524
9528
9529
9617
9618
9622
9627
9630
9652
9655
9657
9674
9675
9694
9714
9729
9733
9738
9744
9761
9762
9765
9775
9776
9780
9782
9805
9858
9859
9864
9889
9905
9907
9926
9940
9946
9949
9951
9954
9982
9984
9993
10006
10036
10044
10052
10059
10065
10066
10071
10072
10089
10090
10091
10092
10159
10161
10198
10199
10200
10225
10230
10241
10299
10331
10336
10353
10354
10355
10356
10369
10401
10407
10417
10437
10444
10450
10451
10570
10598
10655
10787
10797
10887
10998
11227
11268
11295
11403
11588
11777
12074
12092
12097
12154
12162
12197
12204
12225
12228
12242
12245
12255
12256
12325
12358
12361
12363
12370
12372
12373
12377
12378
12423
12486
12487
12489
12491
12496
12510
12513
12518
12561
12607
12611
12630
12654
12690
12711
12714
12740
12741
12742
12903
12904
12908
12909
12961
12962
12998
13083
13115
13194
13195
13197
13199
13203
13204
13235
13373
13430
13433
13435
13438
13465
13466
13584
13619
13666
13669
13670
13710
13817
13904
14038
14126
14130
14146
14156
14186
14260
14299
14343
14347
14348
14402
14425
14449
14453
14473
14475
14485
14489
14503
14543
14563
14572
14646
14650
14653
14656
14704
14709
14723
14813
14815
14826
14876
14971
14978
14982
14984
15077
15087
15129
15134
15138
15157
15180
15225
15226
15308
15314
15315
15331
15417
15431
15432
15433
15436
15458
15459
15549
15554
15575
15576
15578
15579
15580
15581
15650
15651
15658
15700
15745
15746
15748
15768
15808
15813
15817
15819
15820
15821
15823
15825
15848
15887
15889
15922
15935
15975
15987
15991
15993
16045
16065
16104
16125
16136
16138
16140
16238
16241
16347
16350
16374
16390
16479
16508
16510
16520
16674
16898
16900
16905
16906
16912
16914
16916
16917
16918
16920
16921
16927
16928
16930
16931
16933
17155
17158
17162
17163
17165
17166
17169
17170
17173
17175
17177
17179
17180
17181
17189
17193
17200
17225
17422
17429
17434
17435
17438
17439
17441
17455
17462
17464
17683
17693
17696
17697
17700
17701
17703
17707
17708
17709
17710
17717
17727
17757
17760
17763
17764
17802
17818
17833
17841
17844
17892
17921
17922
17924
17925
17933
17986
17991
17994
18033
18054
18068
18102
18105
18116
18162
18224
18225
18226
18251
18304
18351
18363
18364
18500
18533
18543
18551
18552
18553
18571
18589
18595
18647
18669
18670
18674
18676
18692
18696
18697
18710
18711
18715
18733
18734
18805
18828
18829
18830
18833
18836
18847
18877
18939
18943
18983
18985
19005
19006
19011
19013
19050
19052
19072
19077
19094
19099
19109
19140
19142
19152
19238
19242
19244
19245
19251
19275
19277
19377
19427
19520
19527
19528
19558
19559
19638
19693
19695
19697
19699
19735
19767
19771
19825
19826
19828
19837
19838
19911
19917
19930
19940
19943
19957
19959
19960
19970
20031
20033
20036
20037
20050
20113
20115
20118
20121
20124
20210
20218
20242
20268
20269
20274
20281
20284
20285
20353
20360
20363
20373
20418
20420
20429
20433
20437
20536
20537
20552
20584
20600
20609
20618
20619
20715
20718
20722
20733
20740
20748
20768
20808
20810
20814
20818
20826
20835
20908
20970
20971
20975
20976
20993
21100
21163
21189
21190
21353
21373
21494
21502
21541
21565
21569
21574
21673
21712
21737
21750
21820
21852
21991
22092
22102
22108
22112
22131
22153
22155
22156
22263
22487
22489
22524
22527
22560
22625
22672
22673
22710
22711
22716
22743
22751
22752
22760
22762
22769
22770
22771
22772
22775
22777
22781
22782
22785
22813
22826
22919
22923
22925
22929
22930
22937
22939
22940
22943
22944
22945
22946
22950
23109
23111
23112
23116
23117
23120
23121
23122
23123
23124
23125
23126
23127
23131
23134
23188
23280
23281
23287
23290
23291
23292
23293
23295
23296
23298
23299
23301
23302
23305
23307
23315
23318
23339
23431
23462
23465
23466
23468
23470
23471
23472
23474
23483
23484
23487
23490
23491
23493
23496
23497
23498
23500
23631
23639
23654
23732
23746
23749
23751
23752
23758
23759
23760
23763
23811
23822
23832
23833
23869
23871
23873
23874
23944
23991
23994
24035
24036
24038
24042
24044
24045
24049
24158
24175
24186
24194
24224
24348
24367
24380
24406
24409
24411
24413
24416
24417
24427
24536
24537
24584
24585
24586
24732
24776
24777
24779
24781
24782
24801
24806
24812
24822
24823
24824
24827
24833
24838
24851
24873
24880
24882
24891
24902
24919
24936
24937
24939
24941
24942
24944
24959
24961
24965
24970
25009
25031
25098
25099
25113
25160
25161
25170
25206
25278
25343
25379
25380
25381
25383
25568
25570
25571
25572
25574
25579
25587
25599
25719
25755
25756
25758
25759
25785
25787
25959
25960
25964
25965
25975
25980
26158
26161
26162
26176
26177
26183
26230
26377
26379
26380
26420
26433
26440
26441
26442
26448
26449
26452
26453
26454
26456
26458
26459
26462
26470
26489
26504
26579
26585
26592
26594
26677
26852
26853
26855
26856
26857
26858
26860
26862
27014
27024
27039
27040
27041
27044
27168
27190
27193
27196
27199
27241
27273
27349
27368
27369
27370
27374
27376
27377
27379
27387
27540
27566
27567
27569
27570
27573
27574
27580
27741
27742
27743
27745
27746
27747
27750
27751
27759
27770
27929
27938
27941
27942
27943
27964
28019
28039
28060
28064
28066
28075
28077
28124
28176
28186
28190
28215
28221
28226
28251
28256
28267
28269
28319
28324
28340
28379
28404
28432
28434
28440
28445
28464
28472
28474
28475
28494
28515
28542
28557
28574
28586
28594
28604
28635
28638
28647
28649
28651
28744
28780
28785
28786
28788
28791
28819
28833
28842
28857
28891
28894
28946
28957
28960
28966
28984
28985
29040
29061
29076
