2
3
7
8
9
15
16
21
22
27
29
47
73
77
104
109
117
119
120
123
124
126
133
134
135
137
138
143
144
145
148
149
161
162
165
166
168
176
177
211
253
255
259
260
262
276
286
288
289
292
296
302
309
348
384
385
386
391
395
399
402
405
408
410
412
418
422
426
430
431
438
453
485
516
517
522
523
524
537
539
540
541
546
550
557
559
561
566
568
572
663
671
675
678
679
686
697
745
755
756
767
774
916
953
972
979
983
1046
1069
1073
1082
1244
1251
1253
1257
1402
1412
1435
1451
1456
1611
1624
1628
1629
1631
1632
1662
1785
1844
1845
1850
1852
1990
1997
2001
2013
2025
2026
2027
2047
2049
2058
2062
2180
2227
2374
2385
2406
2449
2577
2712
2756
2804
2843
2894
2896
2905
2906
2931
2958
3027
3065
3077
3078
3115
3144
3175
3198
3232
3389
3391
3446
3451
3462
3491
3492
3572
3591
3642
3677
3730
3731
3762
3970
3990
4139
4188
4417
4594
4689
4711
5025
5027
5067
5112
5115
5118
5249
5270
5273
5277
5281
5405
5427
5546
5553
5698
5701
5704
5716
5717
5786
5887
5898
6009
6028
6030
6116
6128
6150
6222
6257
6260
6338
6341
6352
6392
6496
6594
6851
6920
6939
6958
6991
7067
7154
7306
7308
7310
7386
7390
7405
7406
7528
7743
7754
7847
7929
7932
8113
8116
8118
8161
8163
8211
8213
8228
8273
8361
8363
8381
8454
8463
8473
8549
8550
8551
8615
8682
8715
8721
8722
8729
8731
8796
8803
8808
8812
8821
8860
8864
8876
8879
8880
8892
8893
8924
8925
8929
8933
8937
8948
9005
9037
9060
9070
9141
9142
9145
9147
9200
9274
9280
9283
9518
9523
9525
9527
9541
9563
9586
9587
9590
9616
9627
9629
9635
9640
9680
9733
9736
9753
9761
9767
9774
9789
9797
9799
9800
9801
9805
9808
9810
9817
9827
9846
9850
9859
9860
9885
9891
9905
9906
9931
9935
9947
9951
9973
10006
10046
10052
10056
10059
10072
10078
10091
10092
10096
10113
10115
10123
10128
10130
10134
10162
10163
10192
10204
10213
10226
10248
10251
10263
10297
10350
10356
10370
10373
10386
10401
10411
10417
10431
10433
10444
10449
10451
10475
10485
10504
10560
10567
10989
10996
10998
10999
11006
11390
11408
11584
11587
11588
11608
11910
11946
12017
12032
12069
12072
12074
12082
12154
12167
12179
12181
12225
12226
12228
12229
12230
12241
12245
12247
12250
12254
12258
12266
12313
12358
12359
12360
12361
12363
12370
12453
12475
12486
12487
12489
12491
12493
12495
12496
12504
12506
12525
12527
12536
12581
12602
12607
12611
12630
12632
12633
12636
12658
12668
12686
12689
12691
12713
12714
12740
12744
12905
12907
12908
12909
12912
12917
12998
13137
13142
13148
13204
13218
13235
13375
13380
13381
13436
13439
13467
13545
13616
13617
13619
13623
13702
13708
13710
13906
13943
14038
14047
14080
14096
14097
14130
14143
14156
14175
14197
14222
14260
14292
14301
14356
14360
14361
14427
14475
14487
14493
14498
14523
14549
14551
14563
14572
14583
14651
14653
14656
14662
14665
14692
14709
14711
14723
14728
14808
14811
14812
14823
14878
14893
14897
14899
14902
14976
14982
15027
15037
15051
15156
15157
15158
15200
15202
15207
15283
15284
15303
15309
15361
15391
15392
15399
15407
15431
15433
15436
15447
15449
15462
15483
15516
15539
15546
15549
15574
15575
15576
15578
15616
15631
15633
15637
15641
15642
15664
15667
15668
15670
15675
15694
15699
15700
15708
15709
15728
15735
15801
15804
15805
15806
15808
15809
15818
15820
15838
15848
15857
15871
15876
15881
15897
15898
15934
15966
15980
15986
15997
15998
16011
16025
16029
16033
16040
16045
16055
16062
16065
16071
16074
16077
16080
16089
16126
16128
16129
16130
16131
16145
16147
16150
16153
16163
16174
16179
16186
16195
16196
16200
16201
16203
16207
16332
16334
16339
16363
16477
16479
16483
16487
16494
16508
16510
16618
16619
16625
16628
16629
16666
16667
16674
16901
16907
16912
16921
16930
16931
16933
16942
17161
17162
17163
17165
17168
17177
17189
17194
17200
17421
17440
17441
17449
17450
17460
17465
17466
17704
17709
17713
17717
17799
17800
17804
17814
17825
17826
17832
17843
17844
17847
17855
17876
17884
17885
17888
17891
17897
17910
17919
17954
17956
17959
17962
17967
17968
17975
17976
17982
17988
17991
17994
18033
18034
18102
18104
18109
18116
18124
18129
18172
18191
18221
18254
18256
18258
18262
18272
18274
18277
18283
18284
18285
18333
18338
18346
18375
18396
18406
18412
18413
18417
18419
18427
18445
18455
18460
18461
18488
18491
18493
18495
18585
18587
18593
18623
18624
18626
18641
18651
18653
18700
18734
18735
18779
18785
18809
18914
18920
18921
19004
19012
19086
19398
19435
19451
19452
19453
19509
19615
19661
19684
19685
19705
19713
19735
19811
19812
19872
19874
19930
19943
19953
19957
20019
20032
20036
20044
20066
20078
20081
20084
20118
20124
20206
20211
20213
20214
20215
20269
20353
20355
20373
20377
20393
20394
20401
20418
20420
20421
20429
20433
20435
20436
20437
20441
20523
20524
20527
20533
20535
20552
20556
20562
20565
20567
20584
20600
20609
20700
20714
20722
20729
20733
20749
20757
20808
20811
20814
20822
20938
20965
20970
20975
20988
20989
20992
21001
21016
21095
21098
21105
21170
21175
21201
21354
21364
21366
21379
21384
21390
21470
21511
21557
21564
21566
21570
21670
21726
21731
21734
21746
21755
21923
21930
21931
21937
21945
21991
21992
22031
22096
22124
22132
22134
22136
22138
22145
22149
22153
22267
22309
22327
22328
22329
22458
22460
22493
22513
22515
22525
22644
22659
22683
22687
22695
22732
22786
22904
22951
23046
23065
23135
23250
23301
23315
23318
23431
23438
23439
23444
23500
23501
23542
23605
23731
23745
23758
23760
23763
23767
23817
23820
23823
23829
23837
23969
23985
23998
24039
24047
24158
24178
24184
24193
24224
24273
24329
24340
24365
24374
24375
24389
24408
24413
24414
24417
24426
24430
24558
24582
24587
24731
24732
24764
24782
24801
24823
24830
24832
24846
24851
24861
24880
24881
24889
24891
24899
24919
24944
24965
24999
25009
25034
25042
25049
25050
25058
25069
25091
25098
25100
25125
25143
25145
25147
25166
25169
25171
25173
25179
25183
25206
25217
25380
25381
25387
25403
25406
25571
25719
25758
25766
25771
25774
25785
25787
25875
25901
25965
25969
25977
25986
25988
25998
26064
26157
26162
26192
26376
26378
26379
26387
26449
26469
26470
26504
26545
26596
26653
26688
26689
26695
26852
26853
26871
26880
26883
26886
27028
27031
27038
27039
27041
27044
27166
27170
27189
27190
27191
27193
27197
27198
27227
27349
27360
27368
27373
27378
27379
27382
27385
27387
27404
27553
27570
27573
27574
27583
27584
27613
27722
27727
27740
27750
27757
27921
27923
27950
27957
27958
27962
28044
28079
28085
28087
28088
28104
28121
28127
28145
28176
28178
28186
28189
28195
28214
28215
28228
28233
28246
28250
28269
28270
28276
28282
28291
28297
28310
28319
28320
28339
28340
28342
28344
28379
28391
28398
28401
28404
28432
28437
28464
28467
28472
28474
28475
28484
28485
28494
28499
28511
28541
28542
28557
28582
28586
28593
28603
28619
28621
28624
28625
28627
28635
28638
28659
28670
28671
28683
28689
28725
28748
28749
28756
28757
28767
28786
28787
28790
28827
28833
28834
28839
28860
28861
28891
28916
28920
28921
28924
28933
28936
28957
28966
28969
28988
29010
29023
29030
29038
29082
