50
51
52
53
54
55
57
58
59
60
61
62
63
66
67
68
70
71
192
193
196
199
201
202
204
207
242
327
328
329
330
332
333
336
337
338
339
372
374
455
456
458
459
460
461
463
464
465
468
472
492
504
506
603
605
606
607
608
610
638
644
699
1199
1574
1575
1862
1876
1954
2056
2437
2549
2550
2741
2742
2846
3981
4189
4283
4421
4422
4424
4428
4577
4607
4645
4646
4647
4648
4651
4652
4984
5131
5292
5356
5406
5435
5498
5670
5700
5943
5949
6491
6642
6715
6716
6717
6718
6838
6839
6840
7202
7282
7379
7429
7500
7501
7502
7503
7505
7506
7507
7509
7512
7515
7518
7519
7521
7523
7524
7526
7529
7530
7531
7532
7533
7534
7535
7536
7537
7538
7540
7542
7543
7545
7546
7547
7548
7549
7552
7553
7554
7555
7556
7559
7560
7616
7683
7684
7685
7686
7687
7689
7690
7691
7692
7694
7695
7696
7697
7698
7699
7700
7701
7702
7703
7704
7705
7708
7709
7710
7711
7712
7713
7715
7716
7717
7718
7720
7721
7722
7723
7724
7725
7728
7729
7730
7731
7732
7733
7734
7737
7818
7826
7846
7853
7855
7856
7858
7859
7860
7861
7862
7863
7865
7866
7867
7868
7869
7871
7872
7873
7874
7875
7876
7877
7878
7879
7881
7882
7883
7884
7885
7886
7888
7889
7890
7891
7892
7893
7894
7895
7897
7898
7899
7900
7901
7902
7903
7904
7908
7909
7910
7912
7913
7915
7916
7917
7919
7920
7921
7922
7923
7924
8037
8038
8040
8042
8043
8045
8046
8047
8050
8052
8053
8054
8057
8058
8060
8062
8063
8064
8065
8066
8067
8068
8070
8071
8072
8073
8074
8075
8077
8078
8079
8080
8081
8082
8084
8085
8087
8088
8090
8092
8093
8094
8096
8097
8098
8099
8100
8166
8168
8169
8171
8173
8174
8175
8178
8180
8181
8184
8185
8186
8187
8188
8189
8190
8191
8193
8194
8251
8375
8390
8891
9023
9053
9132
9169
9178
9530
9532
9552
9659
9664
9670
9677
9784
9788
9819
9830
9893
9930
9941
9955
9977
10079
10088
10103
10105
10106
10136
10227
10234
10238
10239
10250
10267
10375
10376
10387
10546
10630
10763
10775
10978
10992
11080
11175
11182
11377
11387
11715
11768
11771
11773
11778
11811
11900
12067
12415
12500
12570
12572
12717
13461
13703
13734
13941
14512
15035
15734
15739
15929
15930
15933
16212
16213
16214
16220
16221
16222
16223
16224
16233
16284
16286
16288
16289
16290
16291
16292
16293
16294
16296
16297
16298
16299
16300
16301
16302
16304
16305
16306
16307
16308
16310
16311
16315
16351
16353
16356
16357
16361
16362
16418
16419
16420
16422
16423
16424
16425
16428
16429
16430
16433
16435
16436
16438
16439
16441
16442
16443
16444
16446
16447
16448
16449
16450
16451
16454
16455
16456
16457
16458
16459
16496
16498
16501
16504
16505
16507
16556
16557
16558
16559
16560
16562
16563
16564
16565
16566
16567
16569
16570
16572
16573
16574
16575
16576
16578
16579
16580
16582
16583
16584
16585
16586
16588
16590
16591
16592
16593
16594
16595
16597
16598
16601
16602
16603
16632
16633
16635
16652
16653
16654
16655
16656
16657
16658
16659
16661
17157
17966
18144
18152
18156
18158
18327
18572
18573
18574
18578
18663
18783
18990
19124
19262
19410
19702
19847
19932
19933
19934
20098
20260
20411
20412
20592
20593
20730
20760
20830
20831
20832
20833
20834
20837
20838
20839
20840
20841
20842
20923
21019
21021
21022
21023
21024
21025
21026
21124
21202
21203
21204
21205
21208
21316
21331
21348
21393
21400
21402
21403
21404
21405
21406
21407
21408
21409
21583
21585
21586
21587
21588
21589
21590
21591
21592
21702
21752
21758
21760
21761
21762
21763
21764
21891
21903
21961
21962
21963
21964
21965
21966
21967
21968
21969
21970
22167
22168
22170
22171
22172
22173
22175
22307
22359
22361
22362
22364
22365
22366
22468
22542
22543
22544
22545
22719
22833
22834
22835
22839
22840
22841
22842
22844
22845
22847
22849
22850
22851
22852
22854
22856
22858
22859
22860
22862
22863
22864
22865
22866
22868
22871
22872
22873
22874
22875
22876
22877
22878
22881
22884
22885
22887
22889
22998
23015
23017
23018
23019
23020
23021
23022
23023
23024
23025
23026
23027
23029
23030
23031
23033
23034
23035
23036
23038
23039
23041
23042
23044
23045
23047
23048
23049
23050
23051
23052
23053
23054
23056
23057
23058
23059
23060
23062
23180
23181
23182
23184
23185
23186
23187
23190
23191
23192
23193
23194
23195
23196
23199
23200
23201
23202
23203
23204
23205
23206
23208
23210
23211
23212
23213
23214
23215
23217
23218
23219
23220
23223
23224
23225
23226
23227
23228
23229
23233
23234
23235
23236
23237
23239
23240
23241
23242
23244
23248
23368
23369
23371
23372
23373
23374
23379
23380
23381
23382
23383
23384
23385
23386
23388
23389
23390
23391
23392
23393
23394
23395
23396
23398
23399
23401
23402
23403
23404
23406
23407
23408
23409
23410
23411
23412
23413
23415
23416
23417
23418
23419
23421
23422
23423
23424
23425
23426
23428
23429
23430
23549
23552
23553
23554
23556
23557
23558
23559
23560
23561
23562
23564
23565
23567
23568
23569
23570
23571
23576
23578
23580
23581
23582
23583
23584
23585
23586
23587
23588
23590
23591
23592
23594
23597
23598
23599
23640
23641
23642
23645
23646
23648
23649
23650
23651
25045
25047
25048
25124
25287
25288
25289
25290
25291
25292
25294
25295
25296
25297
25299
25300
25302
25303
25304
25305
25306
25307
25308
25310
25311
25313
25314
25315
25316
25317
25318
25321
25322
25323
25324
25325
25326
25327
25328
25329
25330
25331
25332
25333
25335
25336
25337
25338
25339
25340
25341
25344
25346
25347
25348
25349
25350
25352
25354
25355
25356
25357
25358
25359
25362
25363
25364
25365
25366
25367
25368
25369
25371
25372
25374
25376
25377
25477
25479
25480
25481
25482
25483
25485
25487
25490
25491
25493
25494
25495
25496
25497
25498
25499
25501
25507
25508
25509
25511
25512
25513
25514
25515
25516
25519
25521
25522
25524
25526
25528
25530
25531
25532
25536
25537
25538
25542
25543
25545
25546
25547
25548
25549
25550
25552
25556
25557
25558
25560
25562
25563
25564
25565
25566
25567
25665
25666
25668
25669
25670
25672
25673
25677
25679
25680
25683
25686
25687
25688
25689
25690
25691
25693
25694
25695
25699
25701
25702
25703
25704
25705
25706
25708
25710
25711
25713
25715
25716
25717
25720
25721
25722
25723
25724
25725
25726
25727
25729
25730
25731
25732
25733
25736
25738
25739
25741
25742
25743
25744
25745
25746
25749
25750
25751
25757
25879
25880
25881
25882
25883
25884
25885
25887
25888
25890
25892
25893
25894
25895
25896
25898
25899
25900
25903
25904
25907
25908
25910
25911
25914
25915
25916
25917
25919
25920
25921
25923
25924
25925
25927
25929
25930
25931
25933
25934
25936
25937
25938
25941
25943
25944
25945
25949
25950
25951
25952
25954
25956
25957
25958
26074
26075
26077
26079
26080
26081
26083
26087
26090
26091
26092
26097
26100
26101
26102
26104
26105
26106
26109
26110
26111
26112
26113
26114
26115
26116
26117
26118
26119
26122
26124
26126
26127
26129
26131
26133
26135
26136
26137
26138
26140
26142
26143
26144
26145
26146
26148
26149
26150
26151
26152
26153
26154
26166
26279
26282
26283
26284
26287
26288
26289
26291
26293
26294
26295
26296
26298
26299
26301
26302
26306
26307
26308
26309
26310
26311
26312
26313
26315
26316
26318
26319
26320
26322
26325
26327
26328
26330
26331
26332
26333
26335
26336
26337
26338
26339
26341
26342
26343
26345
26346
26347
26349
26350
26352
26353
26354
26356
26357
26358
26361
26362
26366
26367
26368
26369
26370
26371
26372
26375
26411
26412
26414
26503
26557
26560
26777
26839
26841
26844
26846
26894
26963
27021
27022
27023
27033
27034
27036
27048
27173
27180
27200
27212
27250
27357
27361
27364
27367
27548
27557
27560
27561
27562
27564
27587
27726
27729
27738
27739
27748
27912
27914
27915
27930
27936
27998
28036
28072
28446
28455
28456
28457
28569
28599
28613
28615
28636
28832
28879
28911
28982
