45
83
98
99
189
190
205
226
230
238
247
249
250
257
273
281
291
298
306
320
323
325
326
335
340
359
368
373
376
378
380
381
387
394
403
411
432
440
449
450
452
457
488
502
507
510
511
514
518
527
535
545
554
560
587
596
597
598
601
604
613
619
627
640
646
649
652
662
676
692
708
718
723
724
725
733
736
743
746
747
748
749
757
763
770
778
779
781
782
787
789
790
795
798
801
806
809
812
816
817
839
896
897
903
908
927
928
929
930
932
933
935
936
937
938
941
942
943
946
947
950
961
962
1028
1031
1036
1037
1072
1078
1084
1094
1096
1097
1098
1101
1103
1104
1105
1110
1111
1113
1117
1118
1119
1120
1121
1127
1129
1130
1134
1135
1136
1137
1139
1140
1145
1149
1150
1151
1152
1153
1154
1155
1156
1157
1158
1159
1160
1161
1163
1164
1165
1168
1175
1176
1177
1180
1182
1183
1184
1200
1207
1217
1226
1227
1233
1242
1248
1268
1271
1272
1276
1279
1282
1284
1285
1286
1287
1289
1291
1292
1293
1294
1296
1297
1298
1300
1302
1304
1305
1306
1307
1308
1309
1315
1316
1317
1321
1322
1323
1326
1327
1330
1331
1332
1333
1336
1337
1338
1339
1340
1341
1343
1344
1347
1349
1351
1354
1356
1358
1432
1458
1464
1473
1474
1475
1476
1481
1482
1483
1484
1486
1487
1488
1491
1493
1494
1495
1501
1502
1504
1510
1512
1513
1515
1518
1519
1523
1525
1528
1531
1532
1533
1535
1538
1539
1540
1542
1544
1546
1547
1548
1549
1551
1552
1553
1556
1559
1561
1562
1565
1568
1635
1644
1664
1688
1689
1692
1693
1694
1696
1702
1703
1704
1705
1709
1710
1713
1714
1715
1717
1718
1720
1722
1724
1725
1727
1728
1730
1736
1737
1739
1740
1741
1743
1744
1745
1748
1749
1752
1755
1757
1760
1786
1878
1885
1886
1887
1888
1889
1893
1895
1897
1900
1902
1903
1905
1907
1908
1909
1910
1912
1914
1917
1918
1921
1927
1929
1930
1932
1935
1940
1943
1944
1945
1946
1949
1951
1956
1957
1958
1959
1960
1968
1969
1970
1971
1973
1983
2000
2074
2077
2078
2079
2081
2084
2085
2086
2089
2092
2094
2095
2099
2100
2101
2102
2107
2109
2114
2117
2120
2121
2122
2123
2125
2126
2128
2130
2131
2132
2133
2137
2138
2139
2140
2143
2145
2147
2150
2156
2193
2205
2225
2232
2243
2253
2258
2262
2263
2265
2268
2269
2272
2276
2280
2282
2285
2290
2291
2292
2293
2294
2295
2296
2297
2300
2301
2302
2306
2307
2308
2311
2313
2315
2317
2320
2323
2324
2327
2332
2336
2337
2338
2342
2343
2344
2349
2351
2375
2382
2389
2399
2405
2416
2425
2435
2445
2453
2460
2462
2464
2469
2470
2471
2475
2476
2477
2478
2479
2481
2482
2483
2484
2485
2489
2490
2492
2493
2495
2496
2500
2501
2502
2507
2511
2513
2514
2515
2516
2520
2521
2527
2529
2530
2531
2533
2535
2536
2539
2543
2552
2559
2569
2586
2595
2599
2604
2610
2615
2636
2640
2643
2644
2645
2647
2648
2651
2652
2653
2655
2656
2660
2661
2663
2664
2667
2671
2672
2673
2675
2676
2680
2682
2686
2690
2691
2695
2696
2697
2698
2699
2700
2705
2706
2707
2710
2711
2713
2714
2716
2718
2720
2722
2724
2725
2726
2729
2792
2794
2796
2798
2799
2800
2801
2810
2811
2816
2817
2818
2819
2827
2828
2829
2836
2857
2868
2874
2876
2877
2878
2879
2880
2881
2882
2884
2885
2886
2887
2888
2889
2890
2907
2908
2909
2911
2912
2913
2914
2915
2916
2917
2918
2919
2920
2922
2924
2925
2926
2927
2928
2929
2930
2933
2934
2936
2938
2939
2940
2971
2973
2976
2978
2980
2984
2985
2987
2990
2992
2994
2995
2997
2999
3000
3001
3002
3004
3005
3007
3009
3010
3011
3012
3015
3016
3017
3023
3037
3038
3040
3045
3046
3056
3057
3058
3059
3060
3061
3062
3063
3064
3066
3084
3085
3086
3087
3089
3091
3092
3093
3097
3101
3103
3104
3105
3106
3107
3113
3132
3135
3137
3139
3140
3141
3149
3150
3153
3156
3157
3162
3164
3168
3169
3171
3179
3182
3183
3192
3195
3199
3201
3206
3210
3213
3214
3215
3216
3217
3218
3219
3220
3221
3222
3223
3224
3225
3226
3227
3228
3229
3239
3241
3242
3244
3245
3246
3249
3250
3251
3252
3253
3254
3255
3257
3262
3280
3281
3287
3290
3295
3297
3299
3300
3302
3305
3306
3307
3309
3311
3313
3314
3316
3317
3318
3319
3331
3335
3338
3339
3346
3347
3350
3361
3362
3363
3369
3370
3371
3372
3373
3374
3375
3376
3377
3379
3380
3381
3382
3383
3384
3388
3395
3401
3402
3403
3404
3405
3407
3408
3409
3412
3414
3415
3416
3418
3420
3423
3424
3425
3426
3427
3428
3429
3431
3432
3433
3434
3437
3441
3457
3471
3472
3477
3479
3481
3482
3483
3485
3494
3495
3496
3497
3499
3502
3503
3505
3507
3512
3515
3516
3522
3527
3531
3532
3538
3543
3544
3548
3554
3558
3563
3566
3568
3573
3575
3576
3577
3578
3579
3580
3581
3582
3583
3584
3585
3586
3587
3588
3589
3593
3601
3603
3606
3607
3608
3609
3610
3611
3612
3613
3615
3616
3617
3618
3621
3622
3623
3624
3626
3627
3628
3629
3630
3632
3633
3634
3660
3666
3667
3670
3674
3676
3678
3680
3682
3683
3685
3687
3689
3690
3691
3700
3702
3705
3709
3711
3722
3723
3724
3725
3726
3727
3729
3743
3744
3745
3747
3749
3750
3751
3752
3753
3754
3755
3756
3757
3758
3789
3801
3803
3813
3818
3820
3826
3828
3830
3831
3839
3840
3842
3843
3845
3851
3852
3861
3866
3875
3876
3880
3881
3889
3890
3900
3904
3932
3933
3934
3935
3939
3941
3943
3946
3951
3955
3956
3958
3960
3961
3962
3963
3964
3966
4004
4005
4009
4011
4012
4013
4019
4023
4024
4038
4045
4047
4050
4056
4057
4058
4059
4065
4068
4069
4074
4075
4078
4080
4081
4083
4090
4096
4102
4104
4106
4107
4114
4115
4117
4118
4123
4134
4138
4146
4148
4150
4151
4155
4157
4163
4170
4171
4172
4174
4176
4177
4178
4180
4182
4183
4184
4185
4187
4193
4200
4219
4220
4223
4227
4233
4234
4235
4236
4237
4240
4242
4245
4246
4257
4260
4261
4268
4269
4271
4277
4278
4279
4285
4287
4288
4291
4292
4293
4294
4301
4307
4308
4313
4316
4317
4320
4322
4323
4330
4333
4340
4349
4351
4356
4362
4363
4368
4372
4373
4381
4382
4384
4389
4392
4393
4396
4397
4398
4400
4407
4411
4412
4415
4426
4427
4436
4441
4447
4454
4456
4457
4462
4463
4467
4471
4478
4480
4488
4489
4495
4496
4498
4500
4505
4506
4511
4512
4514
4518
4522
4523
4531
4532
4536
4537
4538
4543
4547
4556
4560
4561
4566
4567
4569
4570
4574
4578
4580
4587
4601
4602
4603
4604
4609
4610
4613
4615
4616
4618
4619
4624
4625
4627
4628
4629
4632
4633
4636
4638
4640
4641
4671
4672
4674
4681
4682
4695
4696
4704
4708
4709
4710
4714
4718
4719
4729
4730
4731
4732
4739
4740
4741
4747
4748
4749
4750
4758
4762
4765
4776
4777
4778
4784
4788
4797
4798
4815
4817
4819
4820
4824
4829
4837
4838
4839
4840
4846
4850
4851
4853
4856
4877
4894
4900
4901
4903
4911
4912
4916
4919
4925
4926
4929
4945
4958
4961
4962
4969
4972
4973
4980
4981
4985
4989
4990
4996
5000
5001
5002
5003
5004
5009
5032
5033
5035
5036
5038
5041
5044
5045
5052
5055
5057
5058
5061
5063
5064
5065
5068
5069
5071
5075
5079
5081
5082
5083
5088
5097
5098
5110
5120
5133
5134
5136
5138
5139
5140
5141
5142
5144
5146
5150
5151
5152
5154
5157
5158
5159
5161
5163
5164
5165
5166
5167
5169
5171
5172
5174
5175
5176
5177
5179
5180
5183
5184
5185
5186
5187
5188
5189
5191
5194
5195
5196
5197
5198
5202
5204
5205
5208
5209
5211
5213
5215
5216
5217
5218
5219
5220
5222
5223
5224
5227
5228
5229
5233
5234
5236
5237
5238
5239
5241
5243
5247
5250
5251
5252
5253
5254
5255
5259
5260
5261
5266
5291
5293
5297
5299
5301
5302
5303
5304
5305
5306
5307
5308
5309
5311
5312
5315
5316
5317
5318
5319
5320
5321
5322
5325
5330
5331
5333
5336
5337
5339
5340
5342
5343
5344
5345
5347
5349
5350
5352
5355
5357
5358
5360
5361
5362
5363
5366
5367
5368
5372
5373
5374
5376
5377
5378
5380
5381
5382
5383
5385
5386
5388
5391
5393
5394
5396
5397
5398
5401
5402
5403
5409
5415
5439
5448
5449
5450
5451
5452
5453
5455
5456
5457
5458
5459
5460
5462
5463
5467
5470
5471
5473
5474
5477
5484
5485
5486
5488
5491
5492
5493
5494
5495
5496
5497
5498
5501
5503
5504
5505
5506
5511
5515
5516
5517
5518
5520
5521
5523
5549
5560
5570
5572
5574
5575
5576
5578
5580
5581
5582
5584
5585
5587
5588
5591
5592
5595
5596
5597
5598
5599
5600
5602
5603
5604
5606
5607
5608
5611
5613
5614
5615
5616
5618
5619
5620
5622
5623
5624
5627
5628
5629
5632
5633
5634
5638
5640
5641
5643
5644
5645
5647
5648
5649
5651
5657
5660
5661
5663
5665
5666
5667
5668
5669
5671
5672
5676
5677
5678
5679
5680
5681
5682
5684
5685
5686
5687
5688
5689
5690
5691
5693
5694
5736
5737
5740
5741
5742
5749
5750
5751
5752
5754
5755
5756
5757
5759
5761
5764
5766
5767
5768
5769
5770
5771
5774
5776
5778
5779
5780
5781
5782
5783
5784
5789
5790
5793
5795
5797
5800
5802
5803
5804
5805
5807
5808
5815
5816
5818
5819
5820
5821
5822
5826
5828
5830
5831
5832
5833
5835
5837
5838
5839
5841
5842
5844
5846
5847
5848
5855
5857
5858
5859
5861
5864
5865
5866
5900
5902
5903
5905
5907
5908
5909
5911
5913
5915
5916
5919
5920
5921
5922
5923
5926
5927
5928
5929
5930
5932
5933
5935
5936
5938
5939
5942
5946
5947
5948
5950
5951
5954
5955
5956
5957
5959
5961
5963
5964
5965
5968
5970
5972
5973
5974
5976
5977
5978
5980
5982
5983
5986
5987
5988
5993
5997
5999
6000
6002
6003
6006
6008
6017
6036
6046
6097
6098
6099
6100
6101
6102
6103
6104
6105
6107
6108
6110
6111
6112
6113
6114
6115
6118
6119
6120
6121
6122
6123
6124
6125
6129
6130
6131
6132
6133
6134
6135
6136
6137
6138
6140
6141
6142
6143
6144
6145
6146
6147
6148
6149
6151
6152
6154
6155
6156
6157
6158
6159
6160
6161
6163
6164
6165
6166
6168
6169
6171
6173
6174
6175
6176
6177
6178
6179
6180
6181
6182
6183
6184
6185
6186
6188
6190
6191
6192
6193
6195
6196
6197
6199
6200
6201
6203
6204
6205
6206
6207
6208
6210
6211
6212
6213
6214
6215
6216
6217
6218
6219
6220
6221
6223
6224
6225
6226
6227
6229
6231
6232
6233
6235
6245
6246
6247
6251
6253
6255
6268
6277
6279
6281
6285
6290
6298
6344
6353
6358
6359
6360
6361
6362
6363
6365
6366
6367
6368
6369
6370
6371
6372
6373
6374
6375
6376
6377
6378
6379
6380
6381
6382
6384
6385
6386
6387
6388
6389
6390
6393
6396
6399
6401
6402
6403
6404
6406
6407
6409
6410
6411
6413
6415
6416
6417
6418
6419
6420
6421
6422
6423
6425
6427
6428
6429
6431
6432
6433
6435
6436
6437
6438
6439
6440
6441
6442
6443
6446
6447
6448
6449
6450
6451
6452
6453
6454
6455
6457
6458
6459
6460
6461
6462
6463
6464
6465
6466
6468
6469
6470
6471
6472
6473
6474
6475
6476
6478
6479
6480
6481
6482
6483
6484
6485
6486
6488
6489
6490
6494
6501
6504
6511
6528
6529
6531
6535
6536
6537
6545
6546
6556
6575
6585
6593
6596
6597
6598
6600
6601
6602
6603
6604
6606
6607
6608
6609
6610
6611
6612
6614
6615
6616
6617
6618
6619
6620
6621
6622
6623
6624
6626
6630
6631
6633
6634
6635
6636
6637
6639
6640
6641
6642
6643
6644
6645
6646
6647
6648
6649
6650
6652
6653
6654
6655
6656
6657
6658
6660
6662
6663
6664
6665
6667
6668
6669
6670
6671
6672
6673
6674
6675
6676
6677
6678
6679
6680
6681
6682
6683
6684
6685
6686
6687
6689
6693
6695
6696
6697
6698
6699
6700
6701
6702
6703
6704
6706
6707
6708
6709
6710
6711
6713
6719
6727
6728
6733
6735
6786
6787
6788
6790
6791
6792
6793
6795
6796
6798
6799
6802
6803
6805
6806
6807
6808
6809
6810
6811
6812
6814
6815
6816
6817
6818
6819
6820
6821
6822
6823
6825
6826
6827
6828
6829
6830
6831
6832
6833
6834
6836
6847
6985
7027
7031
7053
7058
7069
7086
7093
7112
7127
7146
7147
7155
7157
7174
7183
7192
7193
7205
7250
7295
7300
7317
7343
7345
7351
7359
7368
7402
7407
7409
7410
7413
7414
7415
7416
7419
7420
7421
7422
7423
7425
7427
7428
7430
7434
7435
7438
7440
7441
7442
7445
7446
7456
7457
7458
7461
7462
7465
7466
7467
7469
7470
7473
7474
7476
7480
7482
7483
7485
7487
7491
7493
7494
7539
7551
7558
7563
7567
7574
7586
7588
7596
7599
7600
7603
7604
7606
7607
7608
7610
7613
7617
7619
7620
7623
7626
7628
7630
7634
7641
7642
7647
7648
7652
7655
7657
7660
7662
7663
7667
7668
7669
7672
7674
7677
7680
7688
7693
7750
7751
7760
7761
7763
7768
7770
7773
7775
7780
7782
7783
7784
7787
7789
7791
7792
7793
7799
7801
7802
7803
7806
7810
7817
7819
7821
7823
7825
7830
7831
7834
7835
7838
7839
7840
7938
7946
7947
7948
7952
7956
7957
7960
7966
7969
7970
7971
7973
7974
7975
7977
7978
7979
7980
7983
7986
7989
7990
7992
7999
8002
8003
8004
8005
8006
8008
8010
8014
8015
8016
8019
8020
8022
8023
8025
8026
8027
8031
8044
8049
8061
8069
8083
8095
8101
8108
8111
8112
8122
8123
8124
8125
8126
8127
8129
8130
8131
8133
8135
8137
8139
8142
8143
8145
8147
8152
8153
8155
8156
8158
8165
8170
8176
8183
8202
8212
8221
8224
8225
8226
8231
8234
8235
8238
8256
8266
8283
8289
8305
8312
8322
8323
8324
8326
8327
8328
8329
8330
8333
8335
8336
8338
8339
8340
8342
8344
8345
8346
8352
8353
8354
8355
8356
8357
8358
8365
8374
8380
8389
8396
8397
8399
8400
8401
8402
8405
8410
8419
8422
8431
8438
8445
8461
8474
8482
8485
8486
8487
8488
8489
8491
8492
8494
8496
8497
8498
8499
8500
8501
8503
8504
8505
8508
8509
8510
8511
8512
8513
8514
8515
8516
8517
8518
8519
8520
8522
8537
8544
8548
8557
8558
8559
8561
8569
8572
8581
8588
8595
8644
8645
8649
8652
8653
8654
8656
8657
8658
8659
8660
8661
8662
8666
8670
8672
8673
8674
8676
8677
8678
8679
8680
8681
8683
8684
8687
8690
8691
8692
8694
8695
8696
8697
8698
8699
8701
8717
8738
8748
8750
8822
8823
8824
8825
8827
8828
8829
8830
8833
8835
8836
8837
8838
8839
8840
8841
8843
8844
8846
8847
8849
8850
8851
8853
8854
8855
8857
8859
8874
8881
8886
8889
8895
8896
8902
8910
8947
8951
8952
8953
8954
8955
8956
8958
8959
8960
8961
8962
8964
8968
8969
8970
8973
8974
8975
8977
8978
8979
8982
8983
8986
8994
8996
9011
9017
9022
9024
9029
9030
9041
9045
9047
9048
9056
9057
9063
9068
9071
9073
9074
9075
9076
9077
9078
9080
9081
9089
9090
9091
9093
9094
9095
9096
9097
9098
9099
9100
9101
9102
9103
9104
9105
9106
9108
9115
9122
9130
9143
9146
9152
9154
9157
9160
9165
9166
9173
9175
9178
9183
9185
9201
9205
9206
9207
9209
9210
9213
9217
9218
9219
9220
9226
9227
9228
9230
9231
9260
9266
9281
9289
9299
9303
9306
9308
9319
9321
9322
9323
9344
9345
9346
9347
9348
9349
9350
9351
9353
9354
9355
9356
9357
9358
9359
9362
9367
9368
9369
9370
9371
9372
9373
9374
9377
9378
9380
9385
9400
9419
9434
9438
9439
9446
9462
9463
9464
9465
9466
9467
9468
9469
9471
9472
9473
9474
9475
9477
9478
9502
9582
9631
9698
9726
9732
9811
9826
9865
9894
9900
9913
9918
9925
9943
9956
9964
9971
9972
9985
9986
9994
10008
10012
10018
10026
10035
10042
10048
10084
10116
10124
10131
10136
10139
10149
10182
10194
10203
10249
10253
10259
10261
10262
10270
10276
10305
10327
10343
10460
10461
10462
10467
10471
10473
10483
10484
10488
10490
10491
10499
10500
10501
10505
10506
10507
10510
10511
10512
10513
10515
10516
10517
10521
10528
10530
10533
10536
10555
10563
10566
10568
10580
10590
10593
10594
10603
10609
10612
10619
10622
10623
10628
10640
10641
10647
10648
10666
10669
10671
10672
10675
10676
10677
10681
10686
10688
10689
10690
10691
10692
10697
10698
10701
10702
10703
10705
10707
10708
10712
10713
10714
10721
10725
10728
10733
10734
10735
10737
10744
10745
10746
10751
10752
10758
10765
10769
10771
10782
10791
10795
10798
10808
10816
10827
10828
10829
10832
10835
10844
10860
10861
10864
10867
10875
10881
10888
10891
10894
10896
10903
10905
10907
10908
10911
10912
10913
10918
10919
10920
10921
10927
10932
10933
10934
10940
10943
10944
10949
10953
10957
10958
10960
10961
10966
10967
10969
10970
10972
10991
11007
11009
11011
11013
11015
11018
11019
11020
11021
11022
11026
11027
11029
11035
11039
11042
11047
11049
11050
11053
11056
11057
11058
11059
11061
11063
11085
11092
11093
11097
11100
11101
11102
11107
11108
11110
11111
11112
11116
11120
11122
11124
11125
11126
11127
11128
11130
11132
11135
11136
11137
11141
11143
11144
11149
11150
11152
11155
11157
11158
11160
11163
11164
11171
11183
11191
11198
11201
11212
11217
11222
11223
11227
11228
11229
11240
11241
11245
11246
11247
11251
11252
11263
11264
11268
11272
11294
11299
11303
11304
11305
11306
11310
11311
11312
11315
11316
11322
11324
11325
11329
11334
11335
11340
11344
11345
11346
11347
11349
11350
11351
11354
11356
11364
11368
11373
11376
11378
11384
11391
11392
11393
11397
11402
11404
11409
11413
11416
11417
11419
11421
11423
11426
11430
11434
11440
11444
11447
11450
11453
11458
11459
11483
11485
11487
11501
11506
11510
11511
11512
11514
11516
11517
11522
11524
11526
11527
11531
11533
11534
11536
11537
11538
11539
11544
11549
11559
11563
11568
11569
11570
11591
11598
11600
11610
11611
11616
11620
11632
11637
11645
11652
11654
11656
11657
11659
11661
11669
11675
11698
11699
11700
11701
11708
11709
11713
11717
11718
11721
11722
11727
11734
11735
11738
11745
11748
11750
11751
11757
11758
11760
11761
11775
11780
11785
11789
11790
11792
11804
11806
11822
11828
11830
11834
11844
11846
11849
11861
11862
11863
11867
11868
11870
11873
11876
11879
11880
11884
11885
11891
11895
11899
11902
11913
11919
11926
11927
11931
11935
11937
11948
11954
11975
11980
11984
11990
11993
11995
12002
12016
12019
12023
12025
12030
12038
12047
12057
12065
12075
12081
12087
12093
12100
12106
12112
12123
12134
12136
12141
12145
12158
12163
12169
12172
12174
12184
12196
12206
12213
12214
12222
12227
12264
12271
12282
12296
12297
12307
12314
12316
12322
12323
12330
12335
12345
12365
12391
12399
12403
12404
12443
12444
12445
12490
12575
12599
12600
12612
12614
12620
12621
12635
12637
12640
12647
12652
12663
12664
12665
12666
12678
12694
12701
12719
12723
12746
12748
12752
12753
12754
12756
12760
12762
12763
12769
12770
12771
12772
12775
12776
12779
12780
12781
12782
12783
12784
12785
12786
12787
12789
12790
12792
12794
12795
12796
12798
12799
12800
12801
12806
12808
12809
12819
12820
12821
12824
12825
12826
12828
12835
12837
12838
12840
12841
12844
12845
12847
12849
12850
12855
12856
12858
12860
12861
12862
12865
12866
12867
12868
12873
12877
12878
12879
12880
12883
12884
12889
12894
12896
12919
12920
12922
12923
12924
12925
12928
12930
12931
12932
12933
12935
12938
12939
12940
12943
12944
12946
12947
12948
12952
12954
12955
12956
12957
12977
12989
12995
12996
13000
13003
13007
13009
13010
13011
13012
13013
13017
13021
13023
13024
13025
13029
13030
13032
13035
13036
13037
13041
13048
13051
13052
13059
13060
13061
13062
13063
13064
13065
13066
13067
13069
13070
13072
13075
13076
13080
13082
13084
13087
13088
13092
13101
13103
13105
13106
13107
13108
13110
13112
13117
13119
13121
13123
13125
13126
13127
13129
13132
13141
13144
13152
13153
13154
13158
13160
13161
13162
13167
13168
13169
13174
13181
13182
13183
13184
13185
13187
13188
13191
13200
13214
13215
13228
13241
13242
13244
13246
13248
13250
13255
13256
13257
13260
13263
13264
13265
13266
13267
13271
13272
13274
13277
13278
13279
13280
13283
13284
13285
13291
13292
13296
13298
13299
13300
13301
13302
13304
13314
13317
13318
13319
13323
13326
13328
13330
13331
13336
13337
13338
13342
13348
13350
13351
13354
13355
13365
13366
13382
13383
13385
13386
13387
13388
13389
13390
13392
13394
13395
13396
13397
13399
13400
13401
13402
13405
13406
13408
13409
13410
13412
13413
13415
13417
13418
13420
13421
13422
13424
13425
13426
13427
13428
13471
13477
13479
13480
13482
13487
13488
13489
13491
13497
13499
13501
13506
13507
13510
13511
13514
13515
13516
13517
13519
13520
13522
13523
13524
13527
13533
13534
13535
13536
13537
13538
13539
13540
13541
13542
13544
13549
13550
13552
13556
13557
13560
13561
13562
13563
13565
13566
13568
13570
13571
13572
13573
13575
13577
13578
13579
13584
13592
13595
13599
13600
13604
13605
13607
13610
13613
13621
13625
13627
13628
13629
13631
13632
13633
13634
13637
13639
13640
13643
13644
13647
13648
13649
13650
13651
13652
13653
13654
13655
13656
13657
13658
13660
13661
13662
13663
13664
13665
13668
13674
13682
13711
13712
13715
13716
13717
13718
13721
13723
13724
13727
13730
13731
13735
13736
13739
13741
13743
13744
13747
13757
13758
13759
13761
13762
13763
13764
13773
13774
13775
13776
13777
13778
13779
13780
13781
13783
13784
13785
13788
13802
13803
13806
13810
13811
13815
13818
13819
13820
13823
13825
13827
13829
13830
13832
13833
13836
13837
13839
13840
13843
13844
13847
13848
13849
13850
13852
13858
13859
13863
13869
13872
13873
13874
13875
13877
13878
13879
13881
13882
13883
13884
13885
13886
13887
13888
13890
13893
13894
13895
13897
13898
13899
13900
13901
13902
13903
13918
13946
13947
13950
13951
13954
13955
13956
13960
13962
13965
13967
13969
13970
13971
13973
13974
13976
13977
13979
13980
13981
13993
13995
13996
14001
14002
14004
14006
14009
14010
14015
14017
14023
14025
14027
14031
14033
14034
14035
14036
14044
14045
14049
14050
14051
14054
14055
14060
14061
14063
14064
14065
14072
14073
14105
14107
14108
14109
14112
14115
14117
14119
14120
14122
14124
14161
14163
14164
14169
14177
14179
14180
14185
14188
14190
14191
14194
14195
14196
14199
14202
14204
14208
14213
14214
14215
14216
14217
14218
14219
14220
14221
14223
14224
14227
14228
14229
14233
14235
14238
14239
14241
14242
14243
14244
14247
14248
14252
14254
14259
14263
14264
14265
14269
14271
14274
14275
14276
14277
14278
14281
14283
14284
14286
14289
14290
14291
14293
14307
14309
14311
14313
14314
14316
14317
14319
14320
14321
14323
14324
14325
14326
14328
14331
14332
14336
14337
14339
14345
14362
14364
14366
14367
14369
14370
14375
14376
14378
14386
14387
14389
14390
14391
14393
14399
14400
14401
14403
14406
14411
14412
14413
14414
14415
14416
14422
14431
14432
14433
14434
14435
14436
14437
14439
14440
14441
14444
14447
14448
14453
14454
14456
14461
14466
14484
14497
14500
14508
14509
14510
14512
14519
14521
14526
14531
14532
14533
14534
14535
14537
14539
14541
14544
14588
14589
14590
14591
14594
14595
14596
14597
14600
14620
14621
14622
14623
14624
14625
14628
14629
14631
14632
14636
14655
14660
14667
14672
14674
14675
14676
14680
14681
14684
14686
14688
14693
14694
14695
14697
14698
14700
14703
14712
14736
14737
14738
14739
14740
14741
14742
14743
14745
14746
14769
14770
14772
14773
14775
14776
14778
14779
14782
14783
14784
14786
14787
14793
14805
14814
14822
14827
14828
14829
14832
14836
14845
14846
14849
14850
14851
14853
14854
14855
14856
14859
14860
14863
14864
14865
14866
14867
14869
14870
14871
14872
14873
14874
14920
14921
14922
14923
14924
14925
14945
14947
14948
14949
14950
14951
14954
14983
14987
14988
14990
14993
14994
14996
15001
15003
15004
15007
15013
15015
15016
15017
15018
15020
15024
15030
15050
15053
15054
15055
15056
15057
15058
15059
15060
15061
15062
15063
15064
15065
15066
15067
15068
15105
15106
15107
15108
15109
15111
15112
15113
15117
15118
15140
15141
15142
15145
15148
15171
15172
15173
15174
15175
15176
15177
15252
15387
15410
15450
15454
15457
15463
15468
15471
15480
15488
15503
15504
15510
15515
15542
15551
15559
15577
15583
15584
15585
15586
15587
15588
15589
15590
15595
15604
15611
15617
15632
15643
15645
15646
15652
15674
15683
15690
15722
15733
15738
15749
15751
15752
15753
15754
15756
15757
15758
15759
15760
15761
15770
15775
15782
15790
15807
15812
15816
15839
15849
15863
15936
15937
15938
15939
15940
15941
15942
15943
15944
15945
16093
16095
16096
16097
16098
16099
16142
16157
16176
16215
16217
16225
16227
16230
16232
16234
16235
16237
16239
16243
16245
16253
16256
16259
16267
16268
16303
16309
16313
16317
16319
16321
16322
16348
16355
16366
16367
16368
16370
16372
16375
16376
16377
16379
16380
16385
16417
16427
16431
16432
16440
16460
16461
16462
16464
16465
16467
16470
16471
16472
16474
16485
16497
16513
16514
16516
16518
16521
16532
16541
16555
16561
16571
16589
16599
16604
16607
16609
16610
16620
16638
16639
16640
16641
16660
16669
16678
16679
16680
16681
16686
16687
16688
16689
16690
16697
16698
16699
16700
16708
16709
16713
16715
16716
16719
16721
16722
16723
16726
16727
16731
16732
16734
16735
16736
16737
16740
16745
16747
16748
16753
16754
16757
16760
16761
16763
16767
16771
16772
16774
16777
16779
16780
16782
16784
16786
16787
16789
16796
16800
16804
16805
16807
16808
16809
16813
16814
16815
16816
16817
16821
16822
16824
16825
16827
16828
16829
16830
16831
16834
16835
16839
16840
16841
16843
16844
16845
16847
16848
16851
16854
16857
16859
16863
16867
16868
16872
16873
16874
16875
16877
16878
16879
16881
16882
16886
16887
16888
16889
16891
16892
16893
16922
16924
16925
16946
16947
16948
16949
16950
16951
16954
16955
16956
16959
16960
16961
16962
16964
16965
16966
16967
16969
16981
16982
16984
16985
16987
16988
16989
16990
16991
16993
16994
16995
16996
16997
16998
17000
17002
17004
17006
17007
17008
17010
17011
17013
17016
17017
17019
17020
17021
17026
17028
17029
17035
17036
17037
17039
17043
17044
17045
17046
17047
17049
17050
17053
17054
17057
17058
17061
17062
17063
17064
17065
17066
17068
17070
17071
17072
17073
17074
17075
17077
17078
17079
17080
17081
17085
17087
17089
17091
17093
17094
17095
17097
17098
17099
17102
17103
17104
17107
17108
17109
17110
17114
17115
17116
17119
17121
17122
17123
17124
17127
17128
17130
17131
17135
17136
17137
17138
17140
17141
17142
17143
17144
17149
17150
17151
17154
17164
17178
17183
17184
17185
17186
17187
17188
17201
17203
17204
17208
17211
17212
17215
17216
17221
17222
17223
17224
17225
17226
17228
17229
17230
17232
17233
17234
17235
17236
17237
17238
17242
17247
17248
17250
17251
17252
17253
17257
17260
17265
17266
17267
17268
17269
17270
17275
17276
17277
17278
17283
17285
17286
17287
17289
17290
17291
17292
17293
17297
17298
17302
17304
17306
17308
17309
17310
17312
17314
17317
17318
17322
17326
17327
17328
17330
17332
17333
17336
17337
17340
17341
17342
17343
17344
17345
17349
17351
17352
17353
17354
17355
17356
17358
17359
17363
17364
17365
17367
17368
17369
17370
17371
17372
17373
17375
17378
17379
17380
17381
17382
17384
17385
17387
17388
17389
17391
17394
17395
17396
17397
17398
17402
17403
17405
17406
17407
17408
17409
17410
17416
17420
17427
17431
17448
17453
17458
17463
17467
17468
17469
17471
17472
17478
17479
17480
17482
17483
17488
17489
17490
17493
17494
17496
17498
17499
17500
17501
17505
17507
17508
17509
17511
17515
17516
17518
17520
17521
17526
17528
17533
17534
17537
17539
17540
17541
17542
17543
17544
17545
17547
17548
17551
17554
17555
17558
17559
17561
17562
17563
17564
17566
17567
17568
17569
17573
17574
17575
17579
17581
17585
17586
17587
17588
17590
17591
17592
17593
17595
17597
17598
17602
17605
17609
17611
17613
17615
17616
17621
17623
17625
17627
17629
17631
17632
17633
17634
17636
17638
17639
17641
17642
17644
17645
17646
17647
17648
17650
17651
17653
17658
17660
17663
17664
17667
17668
17673
17675
17676
17677
17679
17680
17681
17688
17689
17690
17714
17715
17716
17854
17859
17867
18022
18099
18106
18136
18164
18174
18184
18197
18205
18213
18214
18215
18216
18236
18244
18295
18305
18339
18362
18388
18395
18432
18447
18467
18471
18473
18476
18477
18479
18506
18508
18509
18511
18512
18531
18549
18569
18576
18577
18580
18590
18598
18602
18604
18606
18609
18610
18611
18612
18619
18646
18655
18657
18658
18659
18662
18663
18666
18667
18738
18740
18742
18746
18750
18753
18756
18757
18761
18762
18794
18797
18798
18799
18802
18854
18881
18884
18887
18890
18895
18902
18935
18940
19024
19026
19041
19042
19046
19051
19062
19063
19067
19080
19117
19125
19126
19130
19134
19138
19141
19164
19171
19175
19177
19178
19182
19183
19188
19191
19192
19195
19197
19200
19202
19203
19205
19206
19207
19210
19212
19213
19214
19215
19216
19218
19219
19220
19221
19232
19253
19256
19257
19259
19260
19261
19280
19281
19282
19283
19284
19285
19286
19295
19303
19304
19315
19317
19318
19319
19320
19321
19325
19328
19334
19335
19336
19337
19342
19343
19344
19345
19352
19354
19356
19359
19362
19363
19369
19370
19380
19384
19389
19394
19412
19413
19414
19415
19417
19428
19429
19430
19431
19432
19433
19434
19448
19454
19456
19457
19458
19461
19464
19465
19466
19467
19471
19472
19473
19474
19475
19476
19479
19480
19482
19483
19485
19486
19487
19488
19489
19490
19493
19494
19500
19501
19507
19514
19519
19523
19533
19534
19535
19536
19546
19547
19549
19550
19552
19554
19555
19556
19586
19587
19590
19592
19594
19595
19600
19602
19605
19607
19609
19610
19611
19619
19624
19626
19628
19630
19633
19635
19637
19638
19639
19641
19643
19644
19647
19648
19649
19652
19655
19656
19657
19662
19665
19666
19683
19686
19703
19704
19706
19707
19709
19710
19711
19712
19725
19726
19727
19728
19729
19731
19757
19763
19764
19766
19769
19770
19771
19772
19774
19776
19777
19778
19780
19782
19787
19790
19793
19797
19798
19800
19801
19804
19806
19807
19808
19809
19822
19835
19840
19841
19842
19843
19844
19845
19846
19861
19862
19863
19864
19868
19890
19893
19894
19895
19896
19898
19900
19901
19908
19914
19922
19925
19962
19963
19965
19966
19967
19968
19969
19970
19971
19972
19974
19975
19976
19980
19981
19982
19983
19985
19986
19987
19989
19990
19992
19995
19999
20000
20001
20002
20003
20004
20006
20007
20008
20009
20010
20013
20014
20015
20038
20065
20096
20099
20102
20116
20125
20131
20132
20133
20135
20137
20138
20139
20140
20141
20143
20144
20145
20146
20147
20148
20150
20151
20152
20153
20154
20156
20160
20161
20162
20164
20165
20166
20168
20170
20171
20172
20173
20175
20177
20178
20179
20180
20183
20184
20187
20189
20190
20191
20193
20194
20195
20196
20216
20219
20227
20249
20275
20288
20289
20291
20292
20293
20294
20296
20297
20299
20300
20302
20303
20304
20305
20307
20308
20311
20312
20314
20315
20316
20317
20319
20320
20321
20324
20325
20326
20330
20331
20332
20333
20334
20335
20336
20337
20338
20341
20342
20344
20345
20347
20348
20349
20350
20364
20369
20410
20413
20414
20415
20417
20443
20444
20445
20446
20448
20449
20451
20452
20453
20454
20457
20458
20462
20464
20466
20467
20469
20470
20472
20474
20475
20477
20478
20479
20480
20481
20482
20483
20486
20487
20488
20489
20491
20497
20499
20503
20506
20507
20508
20509
20510
20512
20514
20515
20517
20518
20531
20539
20540
20563
20570
20576
20589
20591
20598
20599
20610
20617
20622
20624
20626
20627
20628
20630
20633
20634
20635
20636
20637
20638
20639
20641
20642
20643
20644
20645
20646
20647
20649
20650
20651
20652
20653
20655
20660
20663
20664
20665
20667
20668
20669
20670
20672
20673
20674
20675
20676
20678
20679
20681
20682
20683
20684
20685
20688
20689
20692
20693
20695
20697
20698
20699
20721
20723
20731
20741
20759
20761
20767
20777
20778
20780
20781
20782
20783
20784
20786
20787
20791
20792
20793
20794
20796
20797
20798
20799
20801
20802
20815
20817
20843
20844
20845
20846
20848
20851
20852
20854
20855
20856
20858
20859
20862
20865
20866
20867
20869
20870
20871
20872
20873
20874
20876
20877
20878
20879
20881
20882
20884
20885
20886
20887
20888
20890
20892
20897
20899
20902
20919
20942
20972
20978
20980
20981
20985
20997
21029
21031
21033
21034
21035
21036
21037
21039
21040
21041
21045
21046
21047
21048
21050
21051
21052
21053
21054
21055
21058
21059
21060
21062
21063
21064
21065
21067
21068
21069
21070
21071
21072
21073
21074
21075
21076
21081
21083
21085
21086
21087
21088
21093
21141
21142
21143
21145
21147
21148
21150
21151
21152
21153
21154
21155
21185
21207
21211
21212
21213
21214
21215
21216
21219
21220
21221
21222
21225
21226
21227
21228
21229
21231
21233
21234
21235
21236
21241
21242
21244
21245
21246
21247
21248
21249
21251
21256
21257
21258
21259
21262
21263
21264
21266
21267
21269
21270
21271
21272
21273
21274
21275
21276
21278
21279
21280
21281
21284
21285
21286
21287
21317
21320
21346
21351
21357
21359
21360
21395
21412
21413
21414
21417
21418
21419
21421
21422
21423
21424
21426
21427
21428
21434
21436
21438
21443
21444
21445
21447
21448
21450
21452
21453
21459
21460
21462
21463
21464
21465
21528
21529
21530
21532
21533
21534
21535
21537
21581
21595
21596
21599
21605
21607
21608
21609
21610
21611
21612
21614
21615
21618
21619
21621
21623
21624
21625
21628
21629
21633
21634
21635
21637
21640
21642
21643
21644
21646
21647
21650
21651
21652
21653
21654
21655
21657
21658
21659
21661
21662
21664
21665
21666
21667
21668
21669
21710
21711
21714
21715
21716
21717
21718
21753
21765
21766
21767
21768
21770
21771
21772
21774
21776
21778
21779
21781
21782
21784
21785
21787
21789
21790
21793
21795
21797
21799
21801
21805
21806
21807
21808
21809
21812
21816
21817
21818
21819
21822
21826
21827
21834
21835
21836
21837
21841
21842
21844
21846
21848
21889
21893
21908
21911
21912
21913
21914
21915
21916
21917
21919
21920
21951
21956
21958
21972
21973
21974
21975
21976
21977
21978
21979
21981
21982
21986
21987
21993
21994
21995
21996
21997
21998
21999
22003
22004
22005
22007
22008
22009
22012
22013
22014
22015
22016
22017
22019
22020
22021
22023
22024
22026
22027
22028
22029
22030
22032
22033
22034
22035
22036
22037
22038
22039
22040
22042
22047
22075
22084
22109
22114
22115
22116
22117
22119
22120
22121
22152
22166
22174
22176
22177
22178
22179
22180
22182
22183
22184
22185
22186
22187
22188
22191
22192
22194
22195
22196
22197
22198
22199
22201
22203
22204
22205
22206
22208
22215
22216
22218
22219
22220
22221
22222
22223
22226
22227
22229
22230
22232
22235
22236
22237
22238
22240
22243
22244
22245
22246
22247
22252
22271
22280
22283
22294
22295
22311
22312
22352
22354
22367
22370
22371
22373
22374
22376
22377
22378
22379
22380
22383
22384
22385
22386
22388
22389
22390
22393
22395
22396
22398
22400
22401
22402
22403
22405
22406
22407
22408
22409
22410
22411
22413
22414
22416
22418
22419
22420
22421
22422
22423
22424
22427
22428
22429
22430
22432
22433
22434
22437
22438
22439
22454
22462
22490
22494
22495
22496
22535
22552
22556
22557
22558
22559
22561
22562
22563
22564
22565
22566
22567
22568
22572
22575
22577
22578
22579
22581
22582
22584
22585
22586
22587
22588
22589
22590
22593
22594
22596
22597
22598
22599
22602
22603
22604
22605
22606
22607
22608
22609
22611
22612
22615
22616
22670
22676
22677
22678
22679
22680
22718
22721
22722
22724
22725
22726
22727
22731
22747
22768
22806
22807
22808
22809
22810
22812
22822
22824
22830
22831
22879
22891
22897
22900
22980
22981
22993
22995
23002
23003
23004
23005
23009
23013
23014
23084
23092
23132
23137
23158
23159
23160
23161
23174
23175
23176
23177
23189
23197
23207
23216
23238
23271
23310
23340
23345
23346
23357
23358
23359
23360
23361
23362
23364
23503
23523
23525
23526
23535
23537
23543
23548
23601
23637
23639
23659
23662
23663
23667
23668
23670
23671
23672
23673
23674
23675
23676
23677
23678
23679
23680
23681
23682
23685
23686
23729
23733
23797
23798
23799
23800
23812
23842
23851
23857
23864
23865
23875
23877
23878
23879
23881
23883
23886
23889
23890
23891
23893
23895
23897
23898
23901
23903
23904
23905
23906
23908
23909
23912
23915
23916
23918
23919
23923
23925
23926
23927
23928
23929
23931
23932
23934
23938
23942
23943
23945
23946
23949
23951
23952
23953
23954
23955
23957
23977
23982
23983
23984
24032
24050
24053
24054
24055
24060
24061
24063
24064
24068
24071
24073
24074
24075
24076
24078
24080
24083
24084
24087
24088
24089
24090
24094
24096
24097
24098
24101
24103
24106
24109
24113
24115
24116
24117
24118
24120
24124
24125
24128
24129
24150
24151
24153
24154
24155
24162
24163
24164
24165
24166
24167
24168
24169
24170
24218
24219
24220
24221
24228
24229
24230
24231
24232
24236
24238
24239
24243
24245
24246
24249
24250
24251
24252
24257
24258
24262
24265
24266
24270
24271
24272
24274
24276
24277
24281
24282
24283
24286
24287
24288
24289
24291
24298
24299
24300
24301
24302
24303
24308
24310
24311
24313
24315
24317
24320
24321
24323
24324
24342
24343
24344
24346
24347
24352
24353
24357
24359
24410
24434
24436
24437
24440
24442
24444
24445
24446
24450
24451
24453
24455
24456
24457
24458
24462
24463
24464
24466
24467
24469
24471
24472
24473
24474
24476
24481
24483
24484
24485
24489
24490
24491
24494
24497
24498
24503
24504
24508
24509
24510
24511
24512
24513
24527
24528
24529
24530
24531
24539
24541
24543
24544
24546
24574
24589
24590
24591
24592
24596
24598
24600
24601
24602
24604
24606
24610
24612
24613
24615
24619
24620
24622
24623
24624
24625
24626
24628
24629
24630
24634
24635
24637
24640
24641
24642
24643
24648
24650
24653
24654
24655
24657
24658
24659
24662
24664
24667
24668
24670
24672
24675
24676
24679
24696
24709
24710
24711
24712
24715
24720
24722
24723
24725
24726
24727
24734
24741
24743
24747
24748
24749
24753
24754
24755
24756
24757
24758
24759
24760
24765
24766
24768
24769
24770
24773
24814
24821
24855
24856
24857
24858
24859
24860
24862
24863
24938
24943
24950
24975
24978
24979
24998
25014
25015
25016
25017
25018
25019
25056
25076
25094
25117
25118
25123
25150
25152
25153
25155
25156
25157
25158
25159
25210
25218
25219
25220
25221
25223
25224
25225
25227
25228
25229
25230
25231
25232
25233
25234
25235
25236
25238
25239
25240
25242
25243
25244
25246
25247
25250
25251
25252
25253
25254
25255
25256
25258
25260
25261
25262
25263
25265
25266
25268
25269
25270
25271
25273
25274
25275
25276
25277
25281
25282
25283
25284
25293
25312
25351
25361
25375
25394
25396
25397
25409
25410
25412
25413
25414
25416
25417
25418
25419
25421
25423
25424
25425
25427
25428
25430
25432
25433
25435
25436
25437
25439
25440
25441
25442
25443
25444
25445
25447
25448
25449
25451
25452
25453
25454
25455
25456
25457
25458
25459
25461
25463
25464
25465
25466
25467
25468
25469
25474
25478
25488
25489
25504
25506
25517
25518
25529
25533
25534
25539
25541
25553
25554
25555
25602
25603
25604
25605
25606
25607
25608
25610
25611
25613
25614
25615
25616
25617
25620
25621
25622
25624
25625
25626
25627
25629
25630
25631
25632
25634
25635
25636
25637
25638
25639
25640
25641
25642
25643
25644
25645
25646
25648
25649
25650
25651
25652
25653
25654
25655
25657
25658
25660
25663
25678
25681
25682
25692
25697
25698
25714
25734
25735
25747
25772
25782
25796
25799
25800
25801
25802
25803
25804
25805
25807
25808
25810
25811
25812
25813
25814
25815
25816
25818
25821
25822
25824
25826
25827
25828
25829
25832
25834
25835
25836
25837
25838
25839
25840
25841
25842
25843
25844
25845
25846
25847
25848
25849
25850
25852
25853
25855
25856
25857
25858
25859
25860
25861
25869
25871
25873
25889
25891
25897
25906
25922
25932
25942
25953
25976
26000
26003
26004
26005
26006
26007
26010
26011
26014
26015
26016
26017
26018
26019
26020
26022
26023
26024
26025
26026
26027
26028
26029
26030
26031
26032
26033
26034
26036
26037
26038
26039
26040
26041
26044
26046
26047
26048
26049
26051
26052
26054
26056
26057
26058
26059
26060
26061
26067
26069
26072
26082
26088
26089
26093
26096
26098
26099
26107
26108
26123
26128
26180
26201
26206
26207
26209
26211
26212
26214
26215
26217
26219
26220
26221
26222
26223
26224
26227
26228
26230
26231
26232
26234
26235
26236
26238
26239
26240
26241
26242
26243
26244
26245
26247
26250
26251
26252
26253
26254
26255
26256
26257
26258
26259
26261
26262
26263
26264
26265
26267
26268
26271
26272
26274
26276
26277
26280
26281
26285
26286
26292
26323
26334
26340
26344
26397
26398
26399
26400
26401
26402
26403
26406
26408
26410
26415
26416
26417
26422
26430
26468
26472
26478
26485
26486
26562
26571
26572
26605
26612
26613
26615
26617
26618
26619
26624
26645
26648
26662
26664
26671
26675
26683
26690
26713
26716
26717
26724
26725
26726
26729
26730
26732
26735
26740
26744
26745
26747
26752
26755
26757
26758
26760
26770
26772
26773
26779
26783
26784
26785
26786
26789
26792
26795
26796
26803
26804
26809
26810
26812
26813
26814
26815
26817
26819
26820
26821
26822
26827
26828
26830
26885
26898
26899
26900
26901
26905
26906
26907
26910
26911
26912
26915
26916
26923
26924
26926
26929
26930
26935
26937
26938
26941
26942
26944
26946
26948
26949
26950
26951
26952
26959
26960
26968
26969
26972
26975
26978
26983
26984
26986
26987
26989
26992
26994
26999
27000
27001
27002
27003
27008
27009
27010
27011
27012
27043
27045
27071
27074
27075
27076
27078
27080
27083
27084
27086
27087
27089
27090
27092
27093
27094
27095
27096
27097
27098
27099
27100
27106
27107
27108
27110
27111
27113
27114
27115
27116
27117
27121
27123
27127
27129
27130
27131
27133
27134
27138
27139
27140
27143
27144
27147
27150
27151
27152
27153
27154
27156
27159
27164
27174
27181
27192
27234
27236
27237
27238
27239
27244
27246
27247
27248
27249
27253
27254
27255
27256
27257
27258
27260
27264
27265
27271
27273
27275
27276
27277
27278
27285
27287
27290
27293
27294
27296
27302
27304
27306
27313
27315
27317
27319
27320
27323
27325
27327
27328
27330
27332
27337
27338
27345
27346
27348
27414
27415
27416
27418
27423
27424
27425
27427
27430
27431
27433
27437
27438
27439
27440
27441
27444
27445
27448
27450
27457
27458
27460
27461
27465
27467
27470
27474
27475
27477
27478
27479
27481
27482
27489
27490
27491
27492
27493
27494
27499
27501
27504
27506
27508
27510
27511
27512
27513
27515
27519
27521
27522
27523
27524
27526
27528
27529
27536
27537
27538
27539
27605
27606
27607
27608
27609
27614
27616
27617
27620
27621
27623
27625
27626
27630
27634
27635
27636
27640
27642
27645
27648
27649
27654
27655
27656
27660
27663
27664
27667
27672
27673
27674
27675
27676
27677
27680
27681
27682
27687
27689
27693
27694
27697
27699
27700
27701
27702
27706
27716
27717
27719
27737
27773
27784
27786
27792
27800
27802
27803
27804
27807
27808
27810
27813
27814
27815
27820
27822
27827
27829
27830
27832
27833
27834
27836
27837
27838
27839
27842
27844
27847
27850
27851
27853
27854
27855
27856
27859
27860
27862
27864
27865
27866
27867
27868
27870
27874
27875
27876
27878
27879
27883
27887
27888
27892
27893
27894
27895
27896
27897
27898
27899
27900
27905
27906
27908
27928
27940
27944
27968
27974
27975
27980
27982
27986
27987
27988
27990
27991
27993
27994
27995
28006
28007
28009
28010
28011
28015
28016
28020
28024
28025
28027
28030
28047
28152
28153
28154
28155
28156
28160
28162
28167
28171
28174
28183
28185
28265
28288
28354
28355
28356
28358
28363
28365
28370
28374
28376
28383
28413
28490
28518
28522
28525
28526
28528
28529
28531
28532
28533
28540
28543
28544
28545
28547
28548
28555
28563
28572
28608
28609
28626
28694
28695
28700
28708
28710
28714
28716
28717
28720
28723
28729
28730
28731
28733
28739
28816
28832
28856
28874
28875
28876
28878
28881
28882
28885
28890
28897
28899
28900
28901
28911
28922
28931
28947
28968
28978
28981
29051
29052
29053
29054
29058
29062
29064
29072
29075
29077
29083
29085
