36
37
38
39
40
41
48
99
178
180
181
182
183
184
185
191
312
314
315
316
317
318
319
321
439
441
442
443
444
445
446
447
448
449
586
588
590
593
600
707
709
710
711
712
713
717
777
832
839
841
848
853
856
857
862
868
872
873
878
881
968
984
986
987
991
992
996
1000
1010
1012
1021
1050
1051
1054
1055
1088
1191
1192
1193
1194
1195
1197
1320
1359
1360
1361
1362
1363
1364
1365
1367
1368
1410
1424
1459
1482
1566
1567
1569
1570
1571
1572
1769
1770
1771
1772
1773
1775
1776
1777
1778
1786
1976
1977
1978
1979
1980
1981
1982
1983
1985
1986
2160
2161
2162
2163
2165
2264
2355
2356
2357
2358
2359
2360
2362
2446
2447
2540
2541
2542
2544
2545
2546
2547
2548
2624
2625
2730
2731
2732
2735
2736
2737
2738
2739
2791
2847
2852
2854
2856
2859
2860
2863
2970
3033
3035
3041
3042
3047
3098
3108
3176
3177
3180
3184
3185
3190
3192
3196
3200
3203
3204
3205
3207
3208
3237
3283
3296
3329
3333
3335
3338
3340
3349
3351
3357
3367
3430
3525
3533
3534
3540
3541
3547
3550
3556
3557
3565
3704
3705
3713
3716
3788
3789
4000
4001
4215
4216
4217
4218
4407
4449
4528
4665
4666
4882
4883
4884
4886
4948
5053
5080
5103
5125
5263
5264
5272
5288
5310
5346
5419
5420
5441
5487
5675
5695
5710
5852
5853
5854
5867
6007
6014
6033
6034
6035
6038
6039
6042
6043
6046
6049
6055
6056
6057
6058
6060
6062
6065
6067
6068
6069
6248
6254
6291
6294
6295
6296
6300
6301
6302
6304
6305
6308
6311
6313
6314
6315
6316
6318
6319
6320
6321
6322
6324
6326
6329
6502
6505
6506
6536
6540
6544
6545
6547
6548
6550
6552
6555
6557
6558
6559
6560
6561
6564
6566
6567
6568
6569
6571
6572
6577
6729
6761
6762
6763
6764
6765
6766
6768
6769
6770
6773
6774
6776
6779
6789
6804
6846
6905
6908
6909
6910
6911
6913
6914
6915
6916
6917
6918
6970
6971
6972
6973
6975
6976
6979
7041
7042
7043
7045
7046
7048
7049
7051
7054
7055
7056
7057
7125
7126
7128
7130
7132
7134
7135
7137
7138
7139
7140
7141
7144
7194
7195
7199
7200
7201
7203
7204
7205
7206
7207
7208
7209
7211
7213
7214
7215
7216
7285
7286
7288
7289
7291
7293
7294
7311
7339
7341
7342
7344
7345
7346
7359
7384
7394
7395
7408
7425
7437
7443
7484
7504
7511
7527
7569
7570
7584
7622
7682
7820
7930
7957
7964
8000
8119
8164
8195
8196
8382
8635
8728
8878
8899
8901
8942
9010
9031
9065
9067
9075
9104
9135
9137
9144
9192
9195
9216
9218
9268
9366
9376
9468
9510
9555
9556
9557
9560
9596
9597
9598
9602
9607
9608
9609
9610
9612
9613
9614
9647
9649
9688
9691
9692
9693
9695
9696
9697
9715
9716
9721
9723
9724
9725
9726
9728
9768
9770
9771
9772
9798
9831
9832
9836
9837
9867
9868
9869
9870
9871
9872
9873
9874
9875
9876
9877
9881
9916
9959
9979
9980
9981
9983
10009
10010
10012
10013
10014
10015
10016
10017
10020
10021
10022
10025
10027
10028
10029
10061
10062
10063
10137
10140
10165
10166
10167
10168
10170
10171
10172
10174
10176
10177
10179
10184
10186
10188
10196
10197
10218
10219
10268
10269
10271
10272
10273
10274
10275
10302
10303
10306
10308
10314
10315
10316
10318
10319
10322
10324
10325
10326
10379
10388
10390
10413
10414
10418
10419
10420
10421
10423
10424
10425
10426
10456
10574
10575
10576
10602
10639
10727
10748
10789
10790
10793
10794
10796
10813
10818
10819
10822
10841
10855
10865
10885
10906
10997
11008
11010
11019
11037
11051
11052
11089
11188
11200
11221
11233
11237
11256
11275
11409
11425
11427
11443
11456
11467
11472
11477
11605
11606
11609
11615
11617
11618
11655
11667
11679
11781
11783
11797
11812
11814
11815
11825
11831
11839
11841
11908
11911
11916
11936
11938
11939
11940
11941
11942
11949
11950
11952
11953
11956
11958
11959
11960
11968
11969
11971
11973
11976
11978
11981
11982
11987
12020
12021
12102
12103
12111
12113
12114
12117
12119
12124
12125
12127
12128
12129
12131
12137
12138
12143
12175
12178
12233
12235
12262
12267
12269
12270
12273
12276
12277
12284
12286
12287
12288
12289
12290
12292
12317
12318
12349
12365
12387
12388
12389
12392
12393
12394
12395
12397
12399
12401
12402
12405
12411
12412
12414
12447
12449
12501
12503
12526
12528
12529
12535
12537
12538
12539
12540
12541
12543
12544
12546
12547
12554
12576
12615
12638
12643
12645
12659
12695
12696
12716
12748
12802
12815
12816
12817
12818
12859
12915
12916
12936
13056
13139
13266
13288
13290
13367
13368
13378
13532
13620
13767
13768
13769
13771
13772
13866
13989
13990
13997
14079
14089
14091
14092
14093
14212
14294
14295
14308
14371
14373
14384
14388
14429
14430
14445
14501
14520
14536
14540
14573
14574
14576
14579
14581
14592
14614
14635
14696
14721
14731
14785
14795
14842
14868
14906
14907
14908
14913
14915
14928
14946
14955
14960
15043
15046
15072
15116
15121
15123
15163
15223
15249
15250
15255
15256
15257
15258
15260
15261
15265
15362
15363
15364
15365
15366
15370
15372
15373
15375
15376
15377
15381
15383
15384
15386
15388
15389
15456
15484
15486
15487
15489
15490
15491
15492
15494
15498
15501
15505
15506
15507
15508
15509
15566
15568
15591
15592
15593
15594
15596
15597
15598
15599
15600
15718
15763
15764
15765
15766
15767
15883
15896
15946
15947
15948
15949
15951
15952
15990
16102
16103
16120
16149
16250
16251
16254
16255
16256
16258
16264
16266
16269
16272
16280
16281
16282
16283
16327
16341
16345
16346
16371
16382
16383
16391
16393
16399
16406
16408
16410
16415
16416
16452
16480
16535
16537
16538
16544
16546
16547
16549
16613
16614
16615
16645
16646
16647
16649
16664
16937
16939
16940
16941
17153
17167
17187
17393
17415
17662
17691
17765
17769
17770
17771
17774
17775
17872
17926
17927
17928
17929
17930
17931
18058
18071
18072
18073
18113
18148
18151
18155
18230
18231
18232
18234
18235
18238
18239
18252
18371
18372
18386
18441
18485
18507
18570
18642
18803
19211
19230
19299
19387
19444
19513
19515
19525
19544
19545
19553
19567
19680
19834
19848
19869
19906
19907
19944
19993
20011
20030
20040
20041
20045
20055
20217
20236
20371
20455
20521
20541
20631
20702
20805
21617
21775
21824
21831
21947
21995
22233
22735
22736
22738
22747
22792
22821
22836
22907
22908
22915
22983
22996
23000
23091
23094
23095
23096
23168
23169
23170
23171
23267
23268
23269
23271
23341
23354
23449
23450
23529
23534
23536
23539
23540
23624
23660
23661
23664
23666
23683
23684
23686
23727
23728
23808
23809
24356
24363
24364
24547
24645
24724
24772
24775
24933
24977
25096
25464
25592
25594
25776
25777
25778
25789
25793
25833
25974
25995
26071
26174
26175
26390
26396
26419
26431
26574
26602
26756
28069
28070
28071
28158
28177
28184
28271
28272
28352
28384
28385
28448
28449
28450
28451
28452
28453
28490
28546
28607
28608
28609
28610
28611
28612
28805
28806
28807
28809
28810
28811
28812
28813
28814
28976
28977
28979
28981
