2
8
9
16
17
18
23
27
30
31
32
42
73
76
78
79
81
82
84
104
105
108
110
111
114
120
125
126
128
131
134
136
137
139
140
141
143
147
148
149
150
151
153
160
164
167
168
169
171
173
175
176
179
195
200
206
208
210
211
214
215
216
217
218
221
222
225
253
262
263
275
280
285
286
290
292
294
295
297
300
301
308
341
342
346
347
348
349
367
376
388
390
391
399
400
401
402
406
412
414
417
419
420
421
423
426
434
435
453
462
473
477
479
480
483
484
485
505
515
516
519
528
529
533
537
538
540
542
550
556
557
558
570
574
581
582
585
612
614
616
617
618
620
621
622
639
643
655
656
657
658
664
665
673
678
679
680
683
687
691
692
693
694
695
697
700
701
735
855
865
882
886
892
906
911
917
923
940
965
966
972
976
988
997
1006
1011
1026
1044
1046
1049
1059
1060
1061
1062
1063
1064
1066
1068
1069
1073
1074
1075
1089
1108
1198
1201
1202
1203
1208
1209
1210
1211
1212
1213
1216
1219
1220
1221
1223
1224
1228
1229
1230
1243
1244
1245
1246
1247
1249
1250
1252
1254
1267
1277
1354
1371
1374
1375
1376
1377
1378
1379
1382
1383
1384
1385
1386
1387
1388
1390
1391
1392
1393
1394
1395
1396
1397
1398
1400
1402
1403
1404
1405
1406
1407
1412
1413
1435
1436
1437
1439
1440
1442
1443
1444
1445
1446
1447
1448
1450
1451
1452
1454
1455
1456
1457
1468
1469
1471
1493
1543
1579
1580
1585
1586
1587
1588
1589
1590
1591
1592
1593
1595
1596
1598
1600
1601
1602
1603
1605
1606
1608
1609
1610
1611
1613
1614
1615
1616
1618
1621
1622
1624
1625
1626
1627
1628
1629
1632
1647
1650
1651
1652
1654
1655
1658
1659
1660
1661
1662
1663
1665
1667
1668
1684
1685
1750
1783
1784
1785
1787
1789
1792
1793
1794
1796
1797
1798
1799
1800
1803
1804
1805
1807
1810
1812
1814
1815
1821
1822
1824
1828
1838
1842
1843
1846
1848
1849
1850
1852
1854
1855
1856
1857
1858
1860
1861
1868
1990
1992
1993
1994
1997
1999
2000
2001
2002
2003
2004
2006
2007
2008
2009
2010
2011
2013
2014
2015
2016
2017
2018
2019
2021
2022
2027
2046
2047
2048
2049
2050
2052
2053
2054
2055
2057
2058
2066
2067
2071
2073
2154
2168
2169
2170
2171
2174
2175
2176
2178
2179
2181
2182
2183
2184
2185
2186
2188
2189
2190
2191
2192
2194
2195
2197
2198
2204
2206
2208
2210
2223
2227
2228
2229
2231
2234
2235
2236
2237
2238
2240
2241
2242
2245
2246
2247
2248
2249
2261
2366
2368
2369
2370
2371
2372
2373
2374
2376
2377
2378
2379
2380
2381
2384
2385
2386
2387
2388
2390
2391
2392
2393
2396
2398
2400
2401
2402
2421
2422
2424
2426
2427
2429
2430
2431
2432
2433
2434
2439
2440
2443
2444
2448
2472
2556
2558
2560
2561
2562
2563
2564
2566
2567
2568
2570
2571
2572
2573
2574
2575
2579
2580
2581
2582
2583
2584
2585
2587
2588
2589
2590
2591
2592
2593
2594
2600
2613
2614
2616
2617
2618
2619
2620
2621
2622
2635
2637
2638
2710
2712
2723
2733
2734
2741
2744
2746
2747
2749
2750
2751
2752
2753
2754
2755
2756
2757
2758
2759
2760
2761
2762
2763
2764
2766
2767
2768
2769
2770
2771
2775
2779
2795
2797
2802
2807
2813
2814
2835
2843
2849
2858
2861
2867
2872
2873
2891
2892
2893
2894
2901
2904
2905
2906
2921
2923
2931
2942
2943
2946
2947
2948
2949
2950
2951
2952
2955
2956
2957
2958
2959
2960
2968
2969
2972
2986
2996
3034
3050
3055
3074
3075
3077
3082
3083
3110
3119
3121
3123
3172
3198
3202
3211
3235
3236
3258
3259
3260
3263
3265
3269
3270
3274
3277
3278
3281
3282
3289
3385
3386
3389
3391
3392
3393
3398
3400
3438
3440
3445
3450
3452
3453
3454
3455
3456
3458
3459
3460
3463
3465
3480
3486
3487
3492
3521
3594
3595
3596
3597
3600
3623
3635
3637
3639
3642
3649
3650
3651
3655
3656
3658
3659
3665
3669
3675
3681
3692
3695
3735
3737
3738
3742
3759
3761
3763
3765
3766
3769
3773
3774
3776
3942
3987
3988
3989
4064
4073
4125
4201
4202
4203
4205
4208
4267
4300
4430
4431
4434
4642
4654
4659
4680
4682
4700
4711
4722
4742
4753
4774
4785
4806
4811
4814
4823
4833
4844
4855
4858
4863
4867
4869
4870
4875
4877
4888
4907
4918
5025
5026
5027
5078
5104
5105
5106
5107
5108
5111
5112
5114
5116
5117
5119
5126
5128
5129
5132
5148
5173
5249
5256
5257
5258
5262
5273
5274
5277
5278
5279
5281
5359
5370
5392
5403
5422
5423
5424
5425
5426
5427
5428
5442
5443
5446
5453
5478
5504
5506
5522
5528
5532
5544
5545
5546
5547
5548
5550
5551
5552
5605
5645
5654
5662
5683
5704
5711
5712
5715
5716
5717
5719
5720
5731
5737
5775
5862
5882
5883
5885
5886
5887
5898
5901
5906
5994
5995
5996
5998
6009
6016
6018
6020
6021
6022
6025
6031
6032
6076
6077
6078
6079
6080
6083
6085
6086
6087
6088
6089
6090
6092
6093
6094
6096
6106
6117
6128
6139
6150
6240
6243
6256
6260
6262
6269
6274
6278
6280
6282
6283
6312
6338
6341
6342
6346
6349
6350
6351
6352
6356
6398
6507
6510
6515
6521
6525
6530
6532
6541
6586
6588
6590
6592
6594
6595
6724
6725
6736
6737
6750
6755
6756
6801
6813
6824
6835
6848
6850
6857
6865
6882
6890
6907
6912
6920
6930
6944
6956
6961
6968
6974
6989
6991
6996
6997
7000
7007
7142
7151
7152
7153
7244
7281
7297
7302
7303
7305
7306
7307
7309
7310
7377
7390
7396
7397
7398
7405
7411
7430
7475
7499
7525
7528
7571
7572
7573
7575
7576
7577
7578
7614
7624
7627
7631
7633
7640
7643
7676
7714
7752
7755
7811
7845
7847
7849
7851
7932
7933
7939
7958
7981
7997
8021
8030
8032
8034
8039
8110
8113
8114
8115
8118
8140
8159
8162
8163
8182
8198
8199
8200
8203
8205
8218
8228
8237
8267
8268
8269
8280
8288
8293
8306
8359
8360
8361
8362
8363
8364
8366
8368
8372
8373
8379
8381
8383
8391
8403
8454
8523
8524
8525
8527
8530
8532
8533
8534
8539
8540
8541
8542
8545
8550
8568
8627
8641
8671
8693
8702
8703
8704
8705
8707
8712
8714
8715
8716
8719
8727
8732
8740
8741
8746
8748
8749
8758
8761
8774
8777
8782
8790
8797
8805
8861
8862
8863
8864
8865
8866
8867
8870
8871
8872
8876
8879
8880
8937
8984
8988
8989
8990
8991
8993
8994
8997
8999
9000
9002
9004
9005
9006
9016
9021
9035
9037
9040
9042
9070
9082
9109
9130
9138
9139
9140
9143
9145
9147
9149
9156
9197
9198
9199
9200
9222
9223
9279
9280
9282
9288
9290
9292
9312
9324
9339
9341
9342
9343
9363
9365
9429
9435
9444
9450
9454
9459
9461
9470
9523
9527
9531
9538
9563
9565
9566
9567
9568
9569
9571
9572
9589
9619
9621
9636
9638
9643
9646
9673
9687
9700
9701
9734
9735
9736
9743
9745
9746
9747
9749
9750
9752
9753
9756
9759
9764
9766
9839
9841
9842
9843
9844
9845
9846
9861
9863
9890
9891
9895
9898
9901
9902
9908
9911
9915
9919
9952
9953
9989
9990
9991
9992
9993
9995
10005
10007
10031
10037
10038
10039
10040
10047
10065
10091
10094
10095
10101
10109
10144
10145
10146
10147
10148
10181
10192
10202
10205
10207
10208
10210
10213
10242
10247
10277
10279
10280
10284
10288
10295
10300
10329
10330
10332
10333
10341
10345
10348
10349
10350
10353
10371
10374
10383
10391
10394
10396
10397
10398
10399
10400
10406
10409
10410
10411
10417
10432
10433
10434
10435
10443
10444
10445
10448
10449
10451
10455
10465
10475
10485
10494
10506
10514
10539
10541
10544
10545
10548
10549
10550
10551
10553
10556
10557
10559
10560
10561
10578
10583
10584
10591
10595
10606
10611
10615
10648
10650
10651
10652
10654
10657
10743
10756
10759
10760
10761
10762
10767
10770
10772
10773
10776
10779
10783
10797
10801
10802
10838
10847
10862
10868
10869
10956
10973
10976
10977
10979
10980
10981
10982
10984
10986
10987
10989
10990
10995
10999
11000
11005
11025
11047
11072
11083
11156
11170
11173
11177
11179
11181
11185
11187
11192
11193
11204
11211
11250
11257
11260
11280
11339
11342
11380
11382
11383
11388
11390
11392
11395
11396
11398
11401
11438
11442
11482
11499
11502
11581
11582
11583
11584
11585
11586
11587
11590
11592
11593
11595
11596
11662
11690
11752
11763
11767
11770
11776
11777
11796
11798
11800
11801
11807
11860
11896
11897
11903
11904
11906
11907
11910
11992
12012
12013
12015
12017
12022
12029
12032
12035
12036
12037
12040
12041
12042
12045
12046
12049
12050
12051
12052
12053
12055
12056
12058
12060
12062
12063
12064
12068
12069
12072
12073
12074
12082
12110
12164
12165
12166
12168
12170
12179
12185
12193
12194
12195
12198
12199
12201
12202
12205
12208
12209
12211
12212
12215
12216
12220
12226
12229
12232
12241
12250
12257
12265
12266
12297
12313
12319
12320
12324
12325
12328
12329
12331
12333
12337
12338
12339
12341
12342
12343
12344
12346
12348
12353
12354
12357
12358
12359
12360
12361
12362
12363
12364
12368
12369
12370
12371
12374
12379
12380
12386
12400
12409
12429
12435
12436
12438
12440
12441
12448
12450
12453
12455
12457
12458
12459
12460
12462
12464
12466
12468
12469
12471
12472
12473
12474
12475
12476
12480
12481
12482
12483
12484
12489
12491
12492
12494
12495
12496
12497
12498
12499
12509
12512
12514
12516
12517
12519
12520
12522
12525
12533
12536
12545
12556
12564
12571
12573
12574
12580
12585
12586
12588
12589
12590
12592
12593
12594
12596
12597
12598
12602
12603
12604
12605
12606
12630
12631
12636
12660
12661
12662
12674
12677
12679
12681
12682
12683
12684
12685
12686
12689
12690
12691
12692
12700
12705
12706
12707
12708
12712
12718
12719
12720
12722
12724
12725
12726
12728
12729
12730
12731
12732
12733
12734
12739
12740
12742
12743
12811
12823
12907
12912
12917
12963
12965
12969
12970
12971
12972
12973
12975
12976
12977
12979
12983
12984
12987
12990
12991
12992
12993
12994
12998
12999
13000
13001
13002
13004
13006
13093
13131
13140
13142
13143
13144
13146
13147
13148
13149
13159
13193
13205
13207
13209
13210
13212
13217
13218
13219
13220
13221
13222
13223
13226
13227
13230
13231
13232
13233
13234
13235
13236
13237
13294
13295
13305
13372
13380
13381
13441
13442
13443
13444
13446
13447
13448
13450
13452
13454
13456
13457
13459
13460
13463
13465
13468
13470
13526
13528
13543
13611
13615
13616
13622
13623
13624
13648
13672
13673
13676
13677
13678
13684
13685
13686
13688
13689
13693
13694
13695
13696
13697
13698
13700
13701
13702
13705
13707
13708
13709
13746
13780
13782
13838
13862
13864
13868
13911
13912
13913
13914
13915
13916
13917
13919
13920
13921
13922
13923
13924
13928
13933
13934
13935
13936
13937
13938
13939
13940
13944
14007
14008
14018
14047
14057
14066
14074
14081
14082
14083
14085
14090
14094
14096
14097
14098
14100
14101
14110
14127
14130
14133
14134
14135
14136
14137
14139
14140
14141
14143
14144
14147
14148
14150
14153
14154
14156
14166
14175
14186
14197
14207
14221
14230
14250
14260
14301
14302
14303
14305
14344
14347
14348
14349
14350
14351
14352
14353
14355
14356
14357
14359
14361
14425
14426
14427
14451
14475
14478
14479
14480
14481
14482
14483
14485
14486
14487
14488
14489
14492
14493
14494
14495
14496
14502
14503
14518
14521
14523
14525
14529
14533
14538
14567
14584
14586
14647
14648
14649
14652
14653
14654
14656
14657
14658
14659
14661
14662
14664
14665
14668
14671
14673
14678
14690
14692
14697
14722
14726
14734
14804
14807
14808
14811
14813
14815
14819
14820
14821
14823
14830
14847
14858
14871
14877
14891
14902
14910
14911
14916
14917
14918
14919
14926
14939
14962
14963
14964
14968
14969
14970
14973
14976
14977
14979
14981
14985
14986
14991
14995
15004
15008
15014
15049
15051
15128
15130
15131
15132
15133
15136
15137
15138
15139
15150
15168
15169
15213
15230
15241
15242
15243
15244
15245
15270
15275
15276
15277
15282
15283
15285
15290
15293
15297
15298
15299
15300
15302
15306
15332
15334
15335
15336
15337
15338
15339
15395
15398
15399
15400
15401
15403
15405
15406
15407
15408
15409
15413
15415
15418
15419
15420
15421
15423
15424
15425
15427
15429
15430
15432
15436
15449
15464
15465
15466
15467
15470
15473
15482
15483
15519
15521
15522
15523
15524
15526
15527
15529
15530
15531
15532
15534
15535
15537
15539
15540
15543
15557
15562
15572
15630
15631
15633
15634
15636
15637
15638
15639
15641
15659
15660
15662
15663
15664
15666
15667
15668
15670
15672
15676
15677
15680
15682
15684
15694
15697
15698
15699
15702
15704
15706
15707
15709
15710
15711
15712
15713
15714
15715
15716
15728
15769
15771
15801
15802
15803
15806
15808
15809
15810
15818
15827
15828
15829
15830
15832
15834
15835
15837
15838
15840
15842
15845
15847
15850
15851
15853
15854
15856
15857
15860
15861
15864
15866
15869
15870
15871
15874
15875
15877
15880
15882
15884
15886
15887
15888
15889
15891
15892
15898
15903
15904
15905
15906
15909
15910
15911
15914
15923
15950
15966
15976
15977
15978
15979
15981
15982
15985
15992
15995
15996
15998
15999
16000
16003
16004
16009
16012
16013
16015
16016
16017
16018
16019
16020
16022
16023
16024
16025
16030
16031
16032
16033
16034
16035
16037
16038
16039
16041
16044
16046
16047
16048
16049
16057
16058
16059
16060
16061
16062
16063
16064
16065
16066
16067
16068
16072
16082
16094
16130
16131
16132
16146
16148
16151
16154
16155
16156
16158
16160
16161
16162
16164
16169
16170
16171
16172
16184
16186
16189
16191
16192
16193
16195
16226
16428
16494
16495
16506
16509
16555
16631
16636
16643
16650
16675
16677
16749
16790
16868
16899
16901
16902
16924
16932
16934
16935
16942
17145
17152
17156
17160
17192
17196
17197
17198
17199
17421
17423
17424
17428
17430
17432
17449
17451
17454
17457
17459
17460
17461
17462
17464
17692
17694
17695
17698
17699
17713
17719
17721
17722
17723
17725
17726
17727
17728
17729
17730
17731
17732
17733
17734
17735
17736
17737
17738
17739
17741
17746
17755
17762
17768
17776
17782
17788
17797
17817
17825
17839
17853
17855
17856
17857
17858
17861
17862
17863
17864
17865
17866
17868
17869
17870
17871
17874
17884
17893
17894
17895
17896
17898
17899
17900
17902
17910
17933
17955
17963
17970
17976
17985
17992
18010
18012
18013
18014
18015
18016
18017
18018
18019
18020
18021
18024
18039
18041
18042
18043
18044
18045
18046
18047
18048
18049
18051
18052
18053
18054
18143
18159
18160
18161
18162
18163
18164
18165
18167
18169
18183
18185
18186
18187
18188
18189
18190
18191
18192
18193
18194
18195
18196
18294
18301
18312
18313
18314
18315
18316
18317
18319
18320
18321
18323
18337
18338
18340
18341
18342
18343
18345
18346
18348
18349
18375
18433
18434
18435
18436
18437
18438
18439
18442
18443
18444
18446
18449
18466
18484
18492
18496
18502
18504
18505
18510
18586
18588
18591
18592
18593
18594
18601
18605
18622
18623
18627
18628
18630
18631
18634
18641
18643
18644
18648
18649
18651
18652
18653
18735
18738
18768
18769
18770
18772
18775
18776
18784
18787
18789
18790
18791
18793
18795
18796
18809
18878
18879
18904
18906
18910
18911
18913
18916
18917
18924
18962
19001
19012
19033
19034
19035
19036
19037
19044
19048
19052
19055
19057
19058
19059
19139
19143
19144
19145
19149
19150
19151
19153
19202
19218
19258
19287
19289
19291
19340
19374
19395
19402
19428
19437
19438
19439
19479
19504
19551
19558
19561
19579
19604
19615
19623
19631
19642
19651
19661
19671
19675
19684
19685
19690
19698
19705
19711
19730
19740
19746
19810
19811
19812
19855
19857
19870
19871
19872
19873
19874
19921
19938
19941
19942
19945
19947
19950
19952
19954
19956
19960
20017
20018
20019
20021
20023
20024
20025
20027
20028
20029
20031
20032
20034
20042
20043
20044
20046
20047
20048
20049
20052
20053
20054
20057
20059
20061
20062
20063
20066
20067
20069
20070
20071
20072
20074
20076
20077
20078
20080
20081
20083
20104
20109
20110
20112
20114
20117
20119
20120
20123
20126
20127
20199
20201
20202
20203
20204
20205
20206
20207
20208
20211
20212
20215
20221
20222
20226
20229
20230
20231
20232
20233
20235
20237
20238
20239
20240
20241
20244
20259
20262
20264
20265
20266
20267
20270
20273
20276
20277
20279
20280
20354
20355
20356
20357
20360
20361
20375
20376
20377
20378
20379
20381
20382
20383
20385
20386
20387
20388
20391
20392
20393
20395
20396
20398
20399
20400
20401
20418
20422
20423
20429
20433
20438
20440
20442
20523
20524
20525
20526
20528
20529
20530
20532
20534
20535
20536
20542
20545
20546
20547
20548
20549
20550
20551
20553
20554
20555
20556
20557
20558
20559
20561
20564
20565
20566
20568
20601
20603
20604
20612
20616
20632
20679
20686
20704
20705
20706
20707
20708
20710
20711
20712
20713
20714
20719
20720
20724
20725
20726
20727
20728
20732
20733
20734
20735
20736
20737
20739
20742
20743
20744
20745
20746
20747
20749
20750
20751
20754
20764
20765
20766
20769
20771
20772
20773
20774
20775
20776
20806
20809
20811
20812
20813
20814
20816
20819
20820
20821
20822
20825
20826
20827
20828
20829
20871
20903
20904
20907
20909
20911
20912
20913
20916
20918
20920
20922
20932
20938
20940
20944
20948
20954
20960
20964
20965
20966
20970
20974
20975
20984
20988
20989
20992
20994
20995
20999
21005
21006
21007
21008
21010
21011
21012
21013
21015
21017
21018
21096
21097
21099
21101
21102
21103
21104
21111
21112
21114
21126
21144
21157
21158
21165
21166
21172
21175
21176
21177
21178
21180
21181
21188
21191
21192
21194
21195
21198
21199
21200
21201
21291
21295
21296
21297
21298
21301
21302
21303
21313
21330
21346
21347
21349
21351
21354
21366
21370
21375
21383
21396
21398
21471
21472
21473
21474
21479
21480
21482
21483
21484
21485
21490
21497
21518
21520
21521
21524
21526
21527
21538
21542
21548
21550
21553
21559
21562
21564
21566
21567
21573
21576
21578
21579
21584
21603
21622
21641
21649
21660
21670
21671
21674
21675
21680
21681
21682
21684
21685
21687
21688
21693
21695
21697
21708
21721
21723
21727
21730
21731
21732
21738
21739
21743
21749
21753
21754
21755
21756
21757
21769
21791
21797
21821
21853
21854
21855
21857
21858
21859
21860
21861
21863
21864
21869
21875
21879
21880
21888
21893
21906
21918
21922
21924
21926
21942
21948
21949
21952
21954
21955
21957
22006
22052
22053
22054
22055
22056
22057
22062
22063
22083
22087
22090
22098
22106
22124
22130
22132
22134
22136
22137
22138
22140
22153
22154
22158
22161
22162
22164
22165
22217
22250
22251
22253
22254
22256
22257
22260
22261
22262
22266
22268
22270
22277
22279
22281
22282
22287
22292
22299
22308
22309
22315
22322
22323
22326
22333
22340
22341
22346
22347
22349
22350
22353
22355
22356
22358
22387
22435
22441
22442
22446
22447
22448
22449
22456
22457
22464
22467
22470
22476
22478
22481
22483
22488
22491
22492
22493
22497
22502
22510
22513
22514
22515
22520
22521
22523
22530
22531
22532
22533
22534
22536
22538
22539
22540
22541
22550
22567
22571
22580
22601
22610
22619
22620
22622
22623
22624
22627
22629
22633
22638
22644
22645
22646
22655
22658
22660
22661
22663
22669
22670
22685
22687
22689
22692
22693
22700
22701
22704
22706
22707
22717
22720
22728
22730
22737
22745
22750
22778
22784
22786
22795
22811
22819
22827
22869
22883
22893
22894
22895
22896
22898
22899
22901
22902
22903
22904
22909
22949
22951
22995
23064
23065
23067
23069
23071
23072
23073
23074
23077
23078
23082
23083
23085
23086
23087
23135
23246
23250
23251
23252
23253
23254
23255
23256
23257
23258
23259
23260
23261
23262
23263
23264
23265
23318
23420
23432
23433
23434
23435
23436
23437
23438
23439
23441
23442
23443
23444
23445
23446
23475
23486
23495
23499
23500
23501
23504
23514
23524
23551
23555
23572
23573
23589
23595
23599
23602
23603
23605
23606
23608
23609
23610
23611
23612
23613
23614
23615
23616
23617
23618
23619
23621
23622
23628
23647
23653
23655
23656
23657
23658
23665
23690
23709
23722
23731
23734
23760
23765
23767
23768
23769
23770
23771
23772
23773
23776
23777
23778
23779
23780
23781
23782
23784
23785
23786
23787
23788
23789
23790
23791
23792
23794
23795
23796
23813
23814
23815
23816
23818
23819
23820
23824
23825
23829
23831
23833
23834
23836
23838
23857
23866
23867
23933
23941
23956
23962
23963
23964
23965
23967
23968
23969
23970
23971
23985
23986
23989
23990
23991
23995
23996
23997
23998
24000
24003
24005
24006
24007
24008
24011
24012
24014
24016
24018
24019
24020
24022
24030
24037
24040
24041
24043
24052
24072
24086
24087
24100
24110
24121
24130
24131
24132
24134
24135
24136
24139
24140
24142
24143
24144
24145
24156
24158
24159
24161
24174
24176
24177
24178
24179
24181
24182
24183
24184
24185
24187
24188
24192
24193
24194
24195
24196
24198
24206
24212
24217
24222
24223
24225
24226
24227
24234
24244
24254
24273
24284
24291
24294
24305
24316
24319
24326
24329
24330
24331
24332
24333
24334
24335
24336
24349
24351
24355
24365
24366
24368
24369
24370
24371
24372
24373
24374
24377
24378
24379
24381
24383
24385
24389
24391
24392
24393
24394
24401
24415
24420
24423
24426
24428
24432
24433
24437
24438
24447
24459
24470
24475
24486
24506
24515
24516
24517
24518
24519
24520
24521
24522
24523
24524
24534
24540
24543
24545
24549
24551
24553
24554
24555
24557
24558
24560
24563
24564
24565
24567
24568
24569
24582
24583
24587
24597
24616
24627
24669
24678
24681
24682
24685
24687
24688
24690
24691
24692
24693
24694
24695
24697
24698
24699
24700
24701
24702
24707
24717
24718
24721
24728
24731
24735
24761
24762
24763
24764
24767
24778
24783
24799
24825
24827
24828
24829
24830
24831
24832
24834
24835
24836
24838
24840
24841
24842
24845
24846
24848
24849
24850
24852
24853
24865
24867
24868
24869
24871
24872
24874
24877
24878
24879
24881
24887
24888
24889
24890
24891
24892
24893
24894
24895
24896
24897
24898
24899
24900
24901
24903
24904
24905
24907
24908
24909
24910
24911
24912
24913
24914
24915
24916
24918
24919
24921
24922
24923
24924
24925
24927
24929
24962
24972
24976
24989
24990
24991
24993
24996
24997
24999
25000
25001
25002
25004
25005
25006
25007
25008
25010
25020
25021
25022
25023
25024
25025
25026
25027
25032
25033
25034
25035
25037
25039
25041
25042
25043
25049
25051
25052
25054
25055
25057
25058
25059
25060
25061
25062
25063
25064
25065
25069
25070
25071
25072
25073
25074
25075
25077
25079
25080
25081
25082
25083
25085
25086
25087
25088
25089
25090
25091
25092
25093
25116
25127
25128
25131
25132
25133
25134
25135
25136
25137
25139
25140
25141
25142
25143
25144
25146
25147
25148
25149
25163
25165
25168
25169
25173
25174
25175
25177
25178
25179
25181
25182
25183
25184
25186
25187
25188
25189
25191
25192
25193
25195
25196
25197
25199
25200
25201
25203
25204
25205
25206
25207
25208
25209
25211
25301
25309
25353
25370
25378
25384
25386
25387
25389
25390
25391
25392
25398
25402
25403
25404
25405
25406
25411
25422
25438
25460
25492
25502
25525
25535
25544
25569
25575
25576
25577
25579
25581
25585
25586
25588
25590
25593
25601
25618
25656
25661
25762
25763
25765
25766
25768
25769
25771
25773
25774
25779
25784
25785
25786
25790
25830
25853
25876
25886
25901
25928
25940
25946
25963
25967
25968
25969
25972
25979
25981
25983
25986
25987
25988
25990
25993
25994
25996
25997
26002
26021
26053
26085
26086
26095
26103
26130
26134
26139
26156
26159
26160
26163
26164
26165
26169
26178
26181
26184
26185
26186
26187
26191
26192
26194
26196
26208
26237
26246
26266
26273
26275
26290
26297
26305
26314
26324
26326
26348
26355
26365
26383
26384
26385
26386
26387
26388
26409
26413
26421
26434
26451
26457
26460
26470
26473
26481
26497
26504
26508
26522
26528
26533
26535
26536
26537
26538
26539
26540
26541
26542
26544
26545
26546
26547
26548
26549
26550
26551
26552
26553
26558
26559
26561
26569
26575
26582
26589
26596
26609
26610
26632
26637
26655
26656
26657
26658
26659
26660
26661
26667
26668
26669
26670
26673
26687
26688
26689
26690
26693
26699
26702
26703
26705
26710
26879
26880
26883
26884
26888
26889
26890
26893
26896
26902
26942
27013
27047
27056
27065
27166
27167
27197
27203
27205
27221
27223
27226
27229
27350
27351
27375
27379
27383
27392
27393
27394
27396
27397
27399
27402
27417
27436
27446
27476
27486
27507
27534
27542
27555
27575
27579
27593
27595
27596
27597
27599
27600
27603
27613
27720
27727
27756
27776
27777
27778
27782
27783
27846
27909
27911
27918
27942
27948
27949
27950
27956
27957
27958
27959
27961
27962
27970
27979
27983
27989
28033
28038
28040
28043
28044
28046
28048
28049
28050
28051
28052
28053
28054
28057
28058
28059
28061
28062
28063
28067
28074
28078
28079
28080
28081
28082
28085
28086
28088
28089
28091
28094
28095
28096
28098
28099
28100
28101
28102
28103
28104
28108
28109
28110
28111
28113
28115
28116
28117
28119
28121
28122
28125
28127
28128
28129
28130
28131
28132
28135
28136
28137
28138
28139
28140
28141
28142
28143
28145
28147
28149
28150
28151
28165
28186
28191
28193
28194
28195
28196
28197
28199
28202
28203
28205
28206
28207
28208
28209
28210
28211
28212
28213
28214
28215
28216
28218
28219
28221
28222
28224
28225
28226
28227
28228
28229
28230
28232
28233
28234
28236
28237
28238
28239
28241
28242
28243
28246
28247
28249
28250
28253
28254
28255
28257
28258
28259
28260
28266
28268
28270
28274
28277
28279
28282
28283
28284
28285
28286
28287
28291
28293
28294
28295
28296
28298
28300
28303
28305
28307
28308
28311
28312
28314
28315
28318
28321
28325
28326
28327
28328
28329
28332
28334
28335
28336
28337
28341
28343
28346
28347
28348
28349
28372
28387
28388
28389
28390
28391
28393
28394
28400
28401
28402
28403
28405
28406
28407
28410
28411
28412
28415
28416
28417
28418
28419
28420
28424
28425
28426
28428
28430
28432
28433
28435
28437
28438
28439
28441
28442
28443
28444
28445
28447
28459
28460
28461
28463
28466
28469
28470
28471
28473
28476
28479
28480
28481
28482
28484
28485
28488
28489
28492
28495
28496
28498
28499
28500
28501
28503
28505
28507
28509
28511
28512
28513
28516
28524
28543
28549
28550
28551
28552
28554
28556
28557
28558
28559
28560
28561
28562
28564
28565
28566
28567
28570
28571
28573
28576
28577
28578
28579
28580
28581
28584
28585
28586
28588
28589
28591
28592
28595
28597
28602
28606
28617
28618
28619
28620
28621
28622
28629
28631
28632
28634
28639
28640
28641
28643
28644
28645
28646
28647
28649
28650
28653
28654
28655
28656
28657
28659
28660
28662
28663
28664
28665
28669
28670
28672
28673
28678
28679
28680
28681
28686
28687
28688
28689
28690
28691
28692
28695
28734
28735
28736
28738
28740
28741
28742
28743
28744
28745
28746
28749
28750
28751
28753
28755
28756
28759
28760
28764
28765
28766
28767
28769
28773
28777
28778
28779
28784
28785
28787
28788
28789
28790
28792
28794
28795
28796
28797
28798
28799
28800
28801
28802
28803
28804
28817
28820
28821
28822
28823
28824
28826
28827
28828
28829
28831
28834
28835
28836
28838
28839
28840
28841
28843
28844
28845
28846
28848
28849
28850
28852
28853
28854
28855
28857
28858
28859
28860
28863
28864
28868
28870
28872
28893
28902
28904
28905
28906
28908
28909
28910
28913
28915
28917
28919
28921
28923
28924
28925
28926
28929
28932
28933
28934
28935
28937
28938
28940
28941
28943
28945
28950
28951
28955
28961
28963
28964
28965
28966
28971
28972
28973
28974
28975
28986
28988
28989
28991
28992
28995
28996
28997
28999
29000
29001
29002
29003
29004
29006
29007
29008
29009
29011
29013
29014
29015
29016
29017
29018
29019
29020
29022
29023
29024
29026
29029
29032
29034
29035
29036
29038
29039
29041
29042
29043
29044
29046
29048
29079
29080
