0
12
20
56
61
85
86
87
88
89
90
91
92
93
94
97
102
112
121
132
154
163
203
229
231
232
233
234
235
236
237
239
240
241
245
246
334
350
352
353
354
355
356
357
358
360
361
362
364
365
366
369
370
371
467
486
487
489
490
491
492
493
494
495
497
498
499
500
501
602
623
624
625
626
628
629
630
631
632
633
635
636
637
738
740
741
907
1189
1373
1576
1577
1774
1781
1782
1791
1802
1811
1820
1827
1853
1863
1874
1877
1883
1894
1904
1925
1954
1965
1975
1984
1988
1989
1995
2005
2020
2030
2038
2044
2104
2124
2166
2167
2173
2222
2364
2553
2554
2630
2701
2793
2864
2869
2870
2977
3049
3051
3136
3285
3286
3288
3364
3365
3473
3474
3478
3530
3536
3553
3555
3570
3571
3668
3672
3673
3708
3714
3719
3728
3764
3777
3778
3779
3780
3781
3782
3783
3784
3785
3786
3787
3791
3811
3822
3833
3854
3865
3912
3918
3924
3931
3938
3949
3973
3985
3991
3992
3993
3994
3995
4015
4026
4035
4129
4132
4137
4190
4206
4207
4210
4352
4355
4418
4419
4420
4435
4437
4438
4439
4440
4442
4444
4445
4446
4585
4586
4592
4643
4657
4658
4660
4661
4662
4663
4809
4871
4872
4873
4874
4879
4880
5014
5024
5121
5122
5123
5124
5280
5283
5285
5286
5287
5429
5430
5431
5433
5434
5435
5436
5437
5438
5554
5555
5556
5557
5558
5559
5561
5562
5563
5564
5565
5566
5567
5568
5721
5722
5723
5724
5725
5726
5727
5728
5729
5806
5823
5834
5850
5856
5889
5890
5891
5892
5893
5894
5895
5896
5897
5899
5924
5943
5962
5971
6005
6011
6024
6027
6044
6061
6753
6844
6861
6862
6864
6866
6874
6876
6879
6883
6884
6892
6896
6902
6903
6904
6981
6982
6984
6988
6999
7002
7004
7006
7008
7012
7018
7020
7023
7025
7029
7033
7034
7035
7037
7040
7085
7124
7143
7145
7156
7158
7161
7169
7176
7177
7181
7184
7185
7187
7188
7190
7298
7313
7314
7316
7320
7321
7328
7329
7333
7338
7399
7401
7403
7502
7541
7550
7579
7580
7581
7719
7727
7738
7745
7756
7757
7765
7788
7808
7836
7843
7857
7864
7880
7887
7896
7905
7911
7914
7934
7935
7936
7943
7953
7963
7982
7993
8001
8012
8042
8048
8059
8068
8117
8149
8197
8204
8206
8220
8222
8230
8233
8247
8250
8253
8257
8258
8263
8264
8265
8375
8376
8393
8395
8398
8407
8408
8411
8414
8417
8426
8427
8428
8429
8430
8432
8433
8434
8506
8543
8556
8560
8562
8563
8564
8565
8566
8567
8580
8582
8583
8593
8596
8598
8599
8629
8723
8724
8725
8726
8742
8743
8744
8745
8756
8757
8762
8768
8772
8773
8780
8781
8873
8875
8883
8885
8894
9110
9111
9116
9117
9119
9120
9123
9124
9125
9126
9127
9129
9131
9132
9133
9212
9234
9235
9237
9239
9240
9241
9245
9247
9248
9249
9251
9254
9255
9257
9258
9261
9262
9263
9265
9267
9269
9271
9272
9275
9328
9334
9386
9387
9389
9391
9392
9393
9394
9398
9401
9402
9403
9405
9406
9407
9408
9409
9410
9411
9413
9414
9415
9416
9417
9418
9420
9421
9422
9423
9480
9483
9484
9485
9486
9487
9488
9490
9491
9492
9493
9497
9499
9500
9501
9503
9506
9507
9508
9533
9547
9553
9562
9570
9577
9585
9620
9632
9639
9660
9690
9703
9712
9737
9742
9755
9769
9791
9814
9824
9834
9848
9886
9893
10180
10266
10452
10453
10454
10633
10656
10658
10660
10876
10877
10878
10879
10880
10883
11079
11081
11082
11284
11285
11286
11288
11289
11291
11292
11369
11381
11493
11495
11496
11497
11540
11578
11589
11594
11599
11643
11671
11676
11681
11683
11684
11685
11686
11687
11712
11732
11766
11808
11818
11838
11848
11853
11854
11855
11858
11859
11943
11945
11994
11996
11999
12001
12003
12004
12005
12007
12008
12009
12010
12011
12080
12083
12104
12146
12148
12149
12151
12153
12155
12156
12157
12159
12161
12191
12237
12263
12298
12299
12303
12304
12305
12306
12308
12309
12311
12312
12416
12418
12419
12420
12421
12422
12425
12426
12427
12428
12430
12431
12432
12433
12485
12505
12507
12532
12558
12560
12562
12563
12565
12566
12567
12568
12569
12570
12617
12625
12626
12651
12655
12656
12704
13312
13322
13349
13359
13374
13411
13432
13437
13445
13464
13475
13485
13495
13704
14504
14514
14542
14603
14604
14605
14606
14607
14608
14609
14610
14611
14612
14613
14615
14616
14618
14666
14757
14758
14759
14760
14761
14762
14763
14764
14765
14768
14831
14935
14936
14937
14938
14941
14942
14943
14944
14958
15000
15052
15071
15079
15083
15084
15085
15086
15089
15090
15091
15092
15093
15094
15095
15096
15097
15098
15099
15100
15101
15102
15103
15104
15110
15119
15146
15162
15165
15170
15179
15185
15188
15192
15193
15195
15196
15197
15199
15203
15221
15227
15232
15233
15235
15238
15240
15259
15268
15274
15291
15305
15310
15323
15327
15342
15343
15349
15354
15355
15357
15359
15390
15397
15411
15477
15560
15561
15601
15602
15603
15606
15607
15609
15610
15612
15613
15614
15615
15618
15619
15620
15621
15622
15623
15624
15625
15626
15627
15628
15772
15773
15774
15776
15777
15778
15779
15780
15781
15783
15784
15785
15786
15787
15789
15791
15792
15793
15794
15795
15796
15956
15959
15960
15961
15962
15963
15964
15965
15967
15968
15969
15970
15971
15972
15973
15974
16105
16109
16110
16112
16113
16114
16115
16116
16117
16118
16119
16121
16122
16123
16124
16212
16352
16356
16409
16501
16502
16759
16770
16791
16818
16826
16837
16895
16903
16923
16938
16973
16992
17012
17023
17034
17056
17067
17086
17106
17125
17134
17504
17612
17705
17742
17743
17744
17745
17747
17748
17750
17751
17752
17754
17777
17778
17779
17780
17783
17784
17785
17789
17791
17792
17849
17850
17851
17852
17860
17904
17905
17906
17907
17908
17909
17911
17912
17913
17914
17915
17916
17917
17938
17939
17940
17941
17943
17944
17946
17948
17950
18005
18006
18008
18009
18056
18057
18059
18060
18061
18062
18075
18076
18077
18078
18080
18081
18082
18084
18085
18086
18088
18089
18090
18091
18092
18093
18142
18149
18150
18153
18154
18157
18198
18199
18200
18201
18202
18203
18204
18206
18207
18208
18209
18210
18211
18240
18241
18242
18243
18245
18247
18248
18249
18250
18253
18302
18310
18311
18318
18353
18354
18355
18356
18357
18359
18360
18361
18373
18374
18377
18378
18379
18380
18381
18383
18389
18390
18393
18429
18430
18431
18478
18579
18635
18691
18709
18716
18722
18731
18741
18751
18777
18782
18801
18810
18818
18855
18859
18860
18862
18866
18869
18870
18874
18915
18927
18934
18949
18967
18976
18984
18991
18994
18997
19137
19148
19233
19239
19240
19241
19293
19296
19298
19300
19302
19305
19306
19307
19308
19309
19386
19392
19393
19397
19400
19445
19446
19447
19449
19517
19518
19524
19529
19530
19563
19564
19566
19569
19570
19571
19573
19574
19577
19681
19682
19688
19691
19692
19694
19696
19738
19739
19741
19742
19747
19818
19819
19820
19821
19823
19827
19832
19833
19880
19881
19882
19883
19884
19886
19887
19888
19909
19924
19926
19928
19929
20086
20088
20090
20091
20092
20093
20097
20246
20247
20251
20252
20253
20255
20256
20257
20263
20328
20346
20380
20389
20397
20402
20403
20404
20406
20407
20419
20428
20439
20450
20485
20494
20505
20516
20519
20520
20571
20573
20574
20579
20580
20582
20583
20587
20701
20755
20756
21003
21109
21130
21209
21380
21420
21476
21575
21672
21709
21751
21850
21856
21884
21910
22118
22265
22293
22344
22465
22528
22529
22621
22671
22823
22905
22906
22924
23066
23088
23089
23090
23136
23138
23247
23440
23447
23448
23467
23538
23596
23692
23698
23706
23707
23708
23719
23720
23723
23726
23755
23802
23843
23844
23845
23846
23848
23849
23853
23854
23855
23856
23859
23860
23861
23972
23973
23980
23988
24021
24023
24024
24025
24026
24027
24028
24029
24031
24146
24172
24173
24201
24202
24203
24204
24205
24207
24208
24209
24210
24211
24213
24215
24216
24395
24396
24397
24398
24399
24400
24402
24403
24404
24405
24538
24570
24571
24572
24573
24575
24576
24577
24579
24580
24581
24703
24739
24774
24884
24930
24947
25102
25104
25185
25216
25237
25393
25400
25470
25600
25863
25973
25999
26125
26171
26172
26173
26202
26389
26423
26424
26425
26426
26427
26429
26463
26465
26498
26509
26511
26512
26513
26514
26515
26516
26517
26518
26519
26520
26521
26523
26524
26525
26529
26530
26532
26563
26564
26565
26567
26568
26570
26604
26623
26639
26640
26641
26643
26644
26647
26649
26650
26651
26682
26684
26685
26686
26863
27015
27046
27169
27201
27202
27280
27305
27308
27371
27380
27381
27466
27546
27577
27578
27661
27754
27755
27946
27947
28041
28042
28273
28455
28458
28596
28953
28983
29033
29086
